data,1241975700,1568533.0;81057.0;1645256.0;58143.0;1658078.0;85345.0,1.0|1.41421356237|1.73205080757|2.0|2.2360679775 4116.0 66.0 109760 0.0000|0.0000|0.0000|0.0000|0.0000;1.0|1.41421356237|1.73205080757|2.0|2.2360679775 6731.0 244.0 109761 0.0000|0.0000|0.0000|0.0000|0.0000;1.0|1.41421356237|1.73205080757|2.0|2.2360679775 12482.0 604.0 109762 0.0000|0.0000|0.0000|0.0000|0.0000;1.0|1.41421356237|1.73205080757|2.0|2.2360679775 4320.0 128.0 109731 0.0000|0.0000|0.0000|0.0000|0.0000;1.0|1.41421356237|1.73205080757|2.0|2.2360679775 1022.0 32.0 109765 0.0000|0.0000|0.0000|0.0000|0.0000;1.0|1.41421356237|1.73205080757|2.0|2.2360679775 7084.0 267.0 109766 0.0000|0.0000|0.0000|0.0000|0.0000;1.0|1.41421356237|1.73205080757|2.0|2.2360679775 5782.0 272.0 109767 0.0000|0.0000|0.0000|0.0000|0.0000;1.0|1.41421356237|1.73205080757|2.0|2.2360679775 4778.0 216.0 109769 0.0000|0.0000|0.0000|0.0000|0.0000;1.0|1.41421356237|1.73205080757|2.0|2.2360679775 450.0 2.0 109770 0.0000|0.0000|0.0000|0.0000|0.0000;1.0|1.41421356237|1.73205080757|2.0|2.2360679775 572.0 8.0 109771 0.0000|0.0000|0.0000|0.0000|0.0000;1.0|1.41421356237|1.73205080757|2.0|2.2360679775 8524.0 482.0 109740 0.0000|0.0000|0.0000|0.0000|0.0000;1.0|1.41421356237|1.73205080757|2.0|2.2360679775 5360.0 133.0 109741 0.0000|0.0000|0.0000|0.0000|0.0000;1.0|1.41421356237|1.73205080757|2.0|2.2360679775 3091.0 249.0 109774 0.0000|0.0000|0.0000|0.0000|0.0000;1.0|1.41421356237|1.73205080757|2.0|2.2360679775 957.0 38.0 109773 0.0000|0.0000|0.0000|0.0000|0.0000;1.0|1.41421356237|1.73205080757|2.0|2.2360679775 9217.0 205.0 109745 0.0000|0.0000|0.0000|0.0000|0.0000;1.0|1.41421356237|1.73205080757|2.0|2.2360679775 7805.0 462.0 109763 0.0000|0.0000|0.0000|0.0000|0.0000;1.0|1.41421356237|1.73205080757|2.0|2.2360679775 6298.0 693.0 109772 0.0000|0.0000|0.0000|0.0000|0.0000;1.0|1.41421356237|1.73205080757|2.0|2.2360679775 10147.0 470.0 109684 0.0000|0.0000|0.0000|0.0000|0.0000;1.0|1.41421356237|1.73205080757|2.0|2.2360679775 7975.0 362.0 109755 0.0000|0.0000|0.0000|0.0000|0.0000;1.0|1.41421356237|1.73205080757|2.0|2.2360679775 6944.0 271.0 109758 0.0000|0.0000|0.0000|0.0000|0.0000,109760.0 2031;109761.0 2031;109762.0 2031;109731.0 2031;109765.0 2031;109766.0 2031;109767.0 2031;109740.0 2031;109770.0 2031;109771.0 2031;109772.0 2031;109773.0 2031;109774.0 2031;109741.0 2031;109745.0 2031;109763.0 2031;109684.0 2031;109769.0 2031;109755.0 2031;109758.0 2031,109760 95;109761 89;109762 104;109731 84;109765 105;109766 104;109767 110;109769 107;109770 88;109771 94;109740 116;109741 110;109774 118;109773 90;109745 116;109763 101;109772 111;109684 84;109755 97;109758 108
data,1241976300,1569365.0;81083.0;1646088.0;58172.0;1658955.0;85405.0,0.520197260812|0.706062359586|0.805714126803|0.79801625641|0.873137064847 4146.0 66.0 109760 0.0000|0.0000|0.0000|0.0000|0.0000;0.5175048945|0.697318438491|0.787136098293|0.784478819217|0.855511868135 6762.0 244.0 109761 0.0000|0.0000|0.0000|0.0000|0.0000;0.517019134995|0.679640407231|0.789207572898|0.804802090787|0.87762152866 12511.0 604.0 109762 0.0000|0.0000|0.0000|0.0000|0.0000;0.507131109074|0.70017406235|0.80622443859|0.725195404872|0.810427994245 7846.0 463.0 109763 0.0044|-0.0094|0.0025|0.0727|-0.0041;0.488688834468|0.689571226233|0.718501422407|0.728658168702|0.806583267653 1066.0 34.0 109765 -0.0287|0.0056|0.1494|-0.0371|-0.0051;0.467259499187|0.65656393654|0.754021257474|0.70805811903|0.790332070376 7124.0 268.0 109766 0.0355|-0.0029|0.0192|0.0412|-0.0014;0.334280405557|0.575582749877|0.755634466897|0.679767316696|0.769881212785 5857.0 278.0 109767 0.1873|-0.0658|-0.1095|0.1127|-0.0175;0.536722084337|0.71589427219|0.795139029567|0.759787760591|0.808502230587 8562.0 483.0 109740 -0.0162|-0.0004|0.0403|0.0098|0.0549;0.50614739978|0.672305663056|0.7685954392|0.768062883354|0.843463513839 482.0 2.0 109770 0.0000|0.0000|0.0000|0.0000|0.0000;0.52805729439|0.629620830638|0.756363563708|0.704885700544|0.788475549804 609.0 9.0 109771 -0.0329|0.1139|-0.0036|0.0313|-0.0012;0.406672181876|0.523485209229|0.654337283697|0.578702934908|0.667888213412 6360.0 697.0 109772 0.0982|0.1066|-0.0024|0.0638|-0.0075;0.421717448387|0.611132036824|0.721662782239|0.718434170083|0.800686860209 997.0 39.0 109773 0.1008|-0.0146|-0.0272|0.0042|-0.0007;0.504818458423|0.530640343538|0.660003531154|0.652371648342|0.740455211283 3136.0 252.0 109774 -0.0659|0.2426|0.0056|-0.0026|-0.0008;0.495150358525|0.681855806574|0.795946089264|0.795356926968|0.866848776765 5390.0 133.0 109741 0.0000|0.0000|0.0000|0.0000|0.0000;0.524169462498|0.699524639318|0.806169529668|0.793846812154|0.867713215605 9247.0 205.0 109745 0.0000|0.0000|0.0000|0.0000|0.0000;0.541144779452|0.72678173713|0.759243854816|0.737671906407|0.811779281072 45.0 2.0 109775 -0.0646|0.0021|0.1279|0.0301|-0.0057;0.476920457767|0.682016751983|0.772703151434|0.737449897675|0.809931030219 4359.0 129.0 109731 0.0143|-0.0145|0.0282|0.0593|-0.0022;0.498938700664|0.67800801161|0.784078779474|0.777134017213|0.853073402569 10178.0 470.0 109684 0.0000|0.0000|0.0000|0.0000|0.0000;0.522357488716|0.726974353628|0.826285045988|0.822338047221|0.892788214781 4807.0 216.0 109769 0.0000|0.0000|0.0000|0.0000|0.0000;0.520314034302|0.660319132401|0.77041481809|0.710781472419|0.789290626785 8022.0 364.0 109755 -0.0699|0.0184|-0.0353|0.1517|-0.0132;0.42436824455|0.64130010873|0.754343660301|0.744642015184|0.822575251864 6981.0 272.0 109758 0.0815|-0.0154|-0.0059|0.0243|0.0003,109760.0 17969;109761.0 17969;109762.0 17969;109731.0 17969;109765.0 17969;109766.0 17969;109767.0 17969;109740.0 17969;109770.0 17969;109771.0 17969;109772.0 17969;109773.0 17969;109774.0 17969;109741.0 17969;109745.0 17969;109775.0 17063;109763.0 17969;109684.0 17969;109769.0 17969;109755.0 17969;109758.0 17969,109760 892;109761 835;109762 857;109763 863;109765 878;109766 916;109767 840;109740 894;109770 813;109771 869;109772 858;109773 895;109774 854;109741 859;109745 889;109775 678;109731 830;109684 856;109769 809;109755 861;109758 923
data,1241976600,1570353.0;81125.0;1647027.0;58207.0;1659928.0;85482.0,0.39020727539|0.513970282511|0.583981389919|0.597414964729|0.643879651479 4175.0 66.0 109760 0.0000|0.0000|0.0000|0.0000|0.0000;0.401077890575|0.538283753975|0.567990891257|0.582714962287|0.629881517216 6799.0 245.0 109761 -0.0146|0.0027|0.0597|-0.0111|-0.0007;0.376646308018|0.511204531162|0.581106092465|0.60027699913|0.648781262577 12540.0 604.0 109762 0.0000|0.0000|0.0000|0.0000|0.0000;0.376023539474|0.533804325709|0.594399124665|0.546577736143|0.598508527868 4400.0 130.0 109731 -0.0097|-0.0259|0.0092|0.0935|-0.0016;0.380396524961|0.504470258168|0.577746963208|0.590547312526|0.635839200251 5420.0 133.0 109741 0.0000|0.0000|0.0000|0.0000|0.0000;0.418323153659|0.466048632829|0.486953631276|0.474642246854|0.536173449296 1122.0 38.0 109765 -0.0813|0.1320|0.1135|0.0393|-0.0038;0.368979144562|0.496377253301|0.559345034392|0.545017024914|0.594866417837 7156.0 268.0 109766 0.0217|-0.0024|0.0102|0.0297|-0.0007;0.281049528113|0.464114714644|0.605149554823|0.533593585999|0.58807869003 5914.0 279.0 109767 0.1108|-0.0586|-0.0923|0.1178|-0.0154;0.392128081587|0.526062170275|0.591967148542|0.606582268288|0.652613569892 4836.0 216.0 109769 0.0000|0.0000|0.0000|0.0000|0.0000;0.389940148597|0.516043885094|0.580926176663|0.599494380627|0.647072602413 508.0 2.0 109770 0.0000|0.0000|0.0000|0.0000|0.0000;0.402655986222|0.47851018382|0.5585556724|0.542567859515|0.592987171772 639.0 9.0 109771 -0.0215|0.0683|-0.0022|0.0275|-0.0004;0.371393201099|0.52149930946|0.587142662462|0.520328509101|0.5608016468 8624.0 486.0 109740 -0.0052|-0.0269|0.0205|0.1089|0.0261;0.335169739808|0.464817931368|0.538077981693|0.545039248852|0.595577760425 1031.0 39.0 109773 0.0631|-0.0116|-0.0155|0.0040|-0.0004;0.317003478298|0.362821381701|0.469798953077|0.460948066401|0.520772704362 3185.0 254.0 109774 0.0516|0.1488|-0.0080|0.0057|-0.0024;0.365496585173|0.443923880981|0.473170487069|0.412402350687|0.480025909704 175.0 17.0 109775 -0.1290|0.0851|0.0994|0.2033|-0.0131;0.246485904476|0.363793490939|0.492351618136|0.448845594506|0.507206289814 6445.0 702.0 109772 0.1434|0.0300|-0.0439|0.0471|-0.0100;0.384806857517|0.511935399199|0.574283800478|0.580320437195|0.629848785173 9278.0 205.0 109745 0.0000|0.0000|0.0000|0.0000|0.0000;0.341482905933|0.487343685403|0.566514506566|0.515086566397|0.568202172655 7897.0 465.0 109763 0.0323|-0.0288|-0.0148|0.1035|-0.0046;0.347934085672|0.497069665557|0.525602965985|0.515648058363|0.572473016741 10239.0 474.0 109684 0.0066|-0.0083|0.0983|0.0385|-0.0036;0.419895061925|0.514738498213|0.611435123732|0.547068521669|0.601222646878 8069.0 367.0 109755 -0.1024|0.0310|-0.0583|0.1839|-0.0125;0.339899343709|0.491868068373|0.567211877628|0.541120487731|0.592388529956 7023.0 273.0 109758 0.0483|-0.0229|-0.0086|0.0672|-0.0007,109760.0 20000;109741.0 20000;109762.0 20000;109731.0 20000;109765.0 20000;109766.0 20000;109767.0 20000;109740.0 20000;109770.0 20000;109771.0 20000;109772.0 20000;109773.0 20000;109774.0 20000;109775.0 20000;109745.0 20000;109763.0 20000;109684.0 20000;109758.0 20000;109769.0 20000;109755.0 20000;109761.0 20000,109760 966;109761 948;109762 973;109731 938;109741 919;109765 933;109766 947;109767 943;109769 946;109770 925;109771 930;109740 968;109773 943;109774 960;109775 995;109772 966;109745 988;109763 934;109684 938;109755 964;109758 976
data,1241976900,1571242.0;81167.0;1648026.0;58241.0;1660844.0;85552.0,0.31613210341|0.434461846281|0.496942491728|0.516249562032|0.553383081828 4199.0 66.0 109760 0.0000|0.0000|0.0000|0.0000|0.0000;0.323474888993|0.456549120515|0.486432992034|0.511386499199|0.549595407388 6823.0 245.0 109761 -0.0112|0.0021|0.0474|-0.0084|-0.0004;0.316407352247|0.444365989701|0.505842346856|0.531731105479|0.569991775235 12561.0 604.0 109762 0.0000|0.0000|0.0000|0.0000|0.0000;0.29228196656|0.368478894762|0.45385701899|0.408382280495|0.460369239393 7975.0 473.0 109763 -0.0552|0.0370|-0.0527|0.1902|-0.0122;0.359170849689|0.408110898655|0.425823165052|0.410976693652|0.458912512362 1159.0 39.0 109765 -0.0740|0.1093|0.1064|0.0326|-0.0033;0.307268097373|0.438226685898|0.496539066721|0.48951760454|0.530752122171 7178.0 268.0 109766 0.0134|-0.0017|0.0086|0.0271|-0.0005;0.225293784489|0.348886669015|0.487255157679|0.430546399336|0.478431098047 5982.0 283.0 109767 0.0833|0.0058|-0.0851|0.1205|-0.0144;0.321110616815|0.442829704431|0.501790561639|0.525297871366|0.562503271618 4859.0 216.0 109769 0.0000|0.0000|0.0000|0.0000|0.0000;0.324541794167|0.442523994764|0.502359645239|0.522279266007|0.560592906635 531.0 2.0 109770 0.0000|0.0000|0.0000|0.0000|0.0000;0.332012249519|0.408902495389|0.482499400585|0.475025372932|0.517673614498 662.0 9.0 109771 -0.0170|0.0562|-0.0016|0.0221|-0.0003;0.290119276165|0.443526376182|0.490661521697|0.436365954599|0.470373321541 8673.0 488.0 109740 0.0128|-0.0242|0.0432|0.0943|0.0177;0.312300910362|0.438594540789|0.467443602681|0.490767953882|0.53113031146 5459.0 135.0 109741 -0.0082|0.0024|0.0750|-0.0120|-0.0003;0.281621049723|0.31324444546|0.401580125982|0.401092603978|0.450054685549 3220.0 254.0 109774 0.0255|0.1217|-0.0057|0.0096|-0.0060;0.335844723307|0.402985277627|0.42788872098|0.368571790167|0.410719057663 262.0 24.0 109775 -0.1318|0.0746|0.0990|0.1851|0.0108;0.324815340775|0.439749174454|0.498694497186|0.518170011323|0.556500218364 9299.0 205.0 109745 0.0000|0.0000|0.0000|0.0000|0.0000;0.283343102166|0.419530669114|0.484818362269|0.491718655616|0.533162068104 1054.0 39.0 109773 0.0445|-0.0083|-0.0086|0.0035|-0.0002;0.323689895511|0.45926957769|0.513650965489|0.474035631521|0.515130519809 4427.0 130.0 109731 -0.0126|-0.0186|0.0092|0.0780|-0.0015;0.203120024837|0.271381580633|0.313245026893|0.313496462636|0.373792652534 6547.0 711.0 109772 0.1046|0.1142|0.0740|0.0170|-0.0106;0.30012499626|0.359985469787|0.380004318673|0.358575384983|0.397050093789 10322.0 481.0 109684 -0.0380|0.1018|0.1070|0.0785|0.0264;0.31038039845|0.414628270742|0.510022659847|0.452250179489|0.497552734487 8110.0 368.0 109755 -0.0364|0.0147|-0.0460|0.1504|-0.0076;0.268377407179|0.411572467487|0.480226078173|0.458322908779|0.502742022131 7062.0 274.0 109758 0.0541|-0.0234|-0.0057|0.0560|-0.0011,109760.0 20000;109741.0 20000;109762.0 20000;109731.0 20000;109765.0 20000;109766.0 20000;109767.0 20000;109740.0 20000;109770.0 20000;109771.0 20000;109772.0 20000;109773.0 20000;109774.0 20000;109775.0 20000;109745.0 20000;109763.0 20000;109684.0 20000;109758.0 20000;109769.0 20000;109755.0 20000;109761.0 20000,109760 957;109761 935;109762 935;109763 980;109765 953;109766 963;109767 978;109769 918;109770 989;109771 971;109740 892;109741 938;109774 987;109775 927;109745 979;109773 960;109731 943;109772 904;109684 970;109755 974;109758 947
data,1241977200,1572219.0;81208.0;1648978.0;58276.0;1661851.0;85614.0,0.279927292988|0.350845222664|0.408206464801|0.431084320512|0.46573842473 4230.0 67.0 109760 -0.0102|0.0615|0.0011|-0.0020|-0.0002;0.28227575388|0.399160284752|0.430011500741|0.454179945984|0.486393870847 6850.0 245.0 109761 -0.0076|0.0016|0.0379|-0.0061|-0.0003;0.24576039461|0.363599593311|0.425449477664|0.44696033368|0.481991951934 12598.0 605.0 109762 0.0329|-0.0003|-0.0033|0.0033|-0.0004;0.256705533686|0.392665604102|0.42703507417|0.400632054007|0.43711123084 4478.0 132.0 109731 0.0111|-0.0171|0.0441|0.0558|-0.0015;0.295967759932|0.348706307314|0.364226199072|0.333642717955|0.379015344864 1231.0 44.0 109765 -0.0783|0.0865|0.0954|0.1029|-0.0032;0.271329182574|0.386828615071|0.436816575175|0.435919083681|0.470311785551 7205.0 268.0 109766 0.0103|-0.0014|0.0072|0.0223|-0.0003;0.205091652302|0.314824042248|0.395782510348|0.345627243585|0.383711900945 6049.0 285.0 109767 0.0635|0.0038|-0.0225|0.1052|0.0034;0.282580175561|0.387425538618|0.441728116755|0.467328058377|0.499522004599 4882.0 216.0 109769 0.0000|0.0000|0.0000|0.0000|0.0000;0.277064515122|0.384883347361|0.441591121492|0.464366941856|0.497642846731 555.0 2.0 109770 0.0000|0.0000|0.0000|0.0000|0.0000;0.289089841117|0.362038568791|0.425609734671|0.424865597315|0.460136688455 688.0 9.0 109771 -0.0137|0.0446|-0.0013|0.0200|-0.0002;0.25944305708|0.385215800866|0.425681827073|0.380686898511|0.410937494029 8711.0 488.0 109740 0.0067|-0.0176|0.0364|0.0799|0.0138;0.28003956722|0.398698462008|0.420284895765|0.447569520606|0.480607551395 5487.0 135.0 109741 -0.0077|0.0018|0.0574|-0.0093|-0.0001;0.252968868629|0.271294274211|0.351882952919|0.341142317576|0.384374351336 3274.0 257.0 109774 -0.0027|0.1341|-0.0056|0.0379|-0.0080;0.251283623706|0.370199006417|0.428886862585|0.44134062509|0.475671300221 1079.0 39.0 109773 0.0352|-0.0056|-0.0064|0.0036|-0.0001;0.275933561835|0.390647544596|0.444777614206|0.466813985402|0.498873670865 9322.0 205.0 109745 0.0000|0.0000|0.0000|0.0000|0.0000;0.2402769279|0.324926301715|0.413406941007|0.365963967758|0.409973221739 8032.0 476.0 109763 0.0092|0.0159|-0.0568|0.1666|-0.0141;0.188006897047|0.239594803969|0.271628646183|0.277315581798|0.328861095795 6632.0 714.0 109772 0.0837|0.0844|0.0768|0.0241|-0.0106;0.276931966603|0.377618056066|0.457202675412|0.402435770038|0.44077073514 8146.0 368.0 109755 -0.0350|0.0105|-0.0370|0.1292|-0.0058;0.229201174344|0.293713996665|0.316069399182|0.296715727914|0.333460992329 10400.0 484.0 109684 0.0177|0.0786|0.0906|0.0537|0.0187;0.296817935194|0.355674376047|0.373948379871|0.32440922019|0.36478906717 398.0 42.0 109775 -0.1490|0.0574|0.0896|0.2197|0.0006;0.238929355547|0.362134099187|0.421757876104|0.406740341132|0.44397752537 7094.0 274.0 109758 0.0415|-0.0191|-0.0047|0.0502|-0.0008,109760.0 20000;109741.0 20000;109762.0 20000;109731.0 20000;109765.0 20000;109766.0 20000;109767.0 20000;109740.0 20000;109770.0 20000;109771.0 20000;109772.0 20000;109773.0 20000;109774.0 20000;109775.0 20000;109745.0 20000;109763.0 20000;109684.0 20000;109758.0 20000;109769.0 20000;109755.0 20000;109761.0 20000,109760 930;109761 919;109762 986;109731 937;109765 964;109766 958;109767 912;109769 906;109770 990;109771 990;109740 927;109741 980;109774 939;109773 915;109745 966;109763 971;109772 998;109755 975;109684 934;109775 955;109758 948
data,1241977800,1573173.0;81250.0;1649972.0;58315.0;1662857.0;85678.0,0.257100486611|0.317237513355|0.376418151414|0.401994930443|0.432262355166 4251.0 67.0 109760 -0.0103|0.0522|0.0011|-0.0018|-0.0001;0.254265280674|0.356385519524|0.389238578392|0.418351520213|0.447036552875 6871.0 245.0 109761 -0.0059|0.0012|0.0340|-0.0053|-0.0002;0.225817219234|0.330317265019|0.38875544861|0.411542019083|0.441533186478 12624.0 605.0 109762 0.0272|-0.0007|-0.0031|0.0026|-0.0003;0.239524548011|0.354818535317|0.387098530553|0.365490768341|0.398113726547 4505.0 132.0 109731 0.0073|-0.0136|0.0387|0.0520|-0.0012;0.273371930613|0.323373840871|0.338233054486|0.303169360466|0.34392338376 1281.0 46.0 109765 -0.0762|0.0673|0.0883|0.1084|-0.0036;0.242383969433|0.343545740225|0.394021962156|0.397522840897|0.428393303791 7230.0 268.0 109766 0.0077|-0.0011|0.0068|0.0194|-0.0002;0.180909916432|0.273660909401|0.355040559352|0.309683768354|0.345271768943 6116.0 288.0 109767 0.0705|0.0102|-0.0234|0.0926|0.0016;0.251228126302|0.352597477135|0.407251744067|0.431607833446|0.459198087822 4904.0 216.0 109769 0.0000|0.0000|0.0000|0.0000|0.0000;0.251709465744|0.347696034084|0.40059043424|0.425466581115|0.453841548767 579.0 2.0 109770 0.0000|0.0000|0.0000|0.0000|0.0000;0.238588261114|0.355758106879|0.394438869076|0.353029867454|0.38068402395 8739.0 488.0 109740 0.0025|-0.0144|0.0331|0.0736|0.0118;0.174035045306|0.220178772798|0.244307967668|0.243357047042|0.293620886829 6733.0 720.0 109772 0.0590|0.0701|0.0862|0.0587|-0.0123;0.256349253922|0.360722533882|0.382209766697|0.408523762708|0.438186700069 5511.0 135.0 109741 -0.0064|0.0013|0.0508|-0.0084|-0.0001;0.228881023938|0.245981353858|0.323877305188|0.308304940333|0.346756716548 3323.0 259.0 109774 -0.0075|0.1156|-0.0084|0.0639|-0.0087;0.276975550083|0.32648590584|0.339479766811|0.297150072138|0.335751288065 552.0 59.0 109775 -0.1513|0.0511|0.1061|0.1998|-0.0060;0.244535519661|0.348084286278|0.380059793302|0.399676050705|0.430383709205 9367.0 207.0 109745 -0.0097|0.0009|0.0509|0.0052|-0.0002;0.225795427339|0.333177892031|0.3881555736|0.406361445568|0.436763974528 1103.0 39.0 109773 0.0283|-0.0041|-0.0048|0.0038|-0.0001;0.189666981675|0.288126486016|0.362065338554|0.315236817607|0.356109257373 8126.0 480.0 109763 0.0101|0.0049|-0.0186|0.1531|-0.0117;0.217172835737|0.274526246246|0.296042409734|0.276178138563|0.308664658419 10440.0 484.0 109684 0.0111|0.0669|0.0817|0.0509|0.0147;0.255440779482|0.322445368024|0.365181686663|0.375917870117|0.408514021795 722.0 11.0 109771 -0.0239|0.0961|0.0343|0.0068|-0.0002;0.25572412777|0.317370083159|0.39804044037|0.353272038048|0.388515061914 8185.0 370.0 109755 -0.0494|0.0457|-0.0336|0.1291|-0.0051;0.21887689553|0.328500658141|0.369344798796|0.361503867357|0.394877895856 7133.0 276.0 109758 0.0296|-0.0127|0.0537|0.0381|-0.0012,109760.0 20000;109741.0 20000;109762.0 20000;109731.0 20000;109765.0 20000;109766.0 20000;109767.0 20000;109740.0 20000;109770.0 20000;109771.0 20000;109772.0 20000;109773.0 20000;109774.0 20000;109775.0 20000;109745.0 20000;109763.0 20000;109684.0 20000;109758.0 20000;109769.0 20000;109755.0 20000;109761.0 20000,109760 957;109761 939;109762 933;109731 954;109765 927;109766 983;109767 953;109769 923;109770 976;109740 969;109772 985;109741 975;109774 952;109775 925;109745 946;109773 946;109763 1014;109684 925;109771 942;109755 934;109758 942
data,1241978100,1574145.0;81300.0;1650902.0;58350.0;1663847.0;85723.0,0.238428807049|0.297754702938|0.354105892706|0.381182971287|0.408790482107 4269.0 67.0 109760 -0.0092|0.0475|0.0009|-0.0021|-0.0001;0.238558913954|0.341387591952|0.363427995089|0.398988144814|0.425240971337 6898.0 246.0 109761 -0.0107|0.0021|0.0488|-0.0088|-0.0005;0.211865216252|0.309229030579|0.361399582212|0.385891457257|0.413598625552 12645.0 605.0 109762 0.0241|-0.0007|-0.0031|0.0028|-0.0003;0.185024851925|0.280427981641|0.349692573972|0.306646749581|0.344075156494 8153.0 481.0 109763 0.0081|0.0020|-0.0216|0.1498|-0.0112;0.238322356749|0.343974005514|0.364681993195|0.395739050521|0.422291859867 5527.0 135.0 109741 -0.0064|0.0012|0.0469|-0.0073|-0.0001;0.264435612456|0.315689400493|0.327414233443|0.293784244138|0.329657453701 1318.0 48.0 109765 -0.0765|0.0652|0.0919|0.1008|-0.0034;0.224061168807|0.3213875718|0.367965382688|0.37883050028|0.40686397519 7248.0 268.0 109766 0.0066|-0.0009|0.0059|0.0189|-0.0002;0.139094864333|0.244909381901|0.317344720877|0.282847918046|0.311796421429 6260.0 298.0 109767 0.0916|0.0016|-0.0145|0.0772|0.0133;0.224251454417|0.336244103458|0.372542367798|0.337507647003|0.36220232082 8759.0 488.0 109740 0.0015|-0.0129|0.0299|0.0719|0.0102;0.234537965967|0.332926921758|0.383726275029|0.40888322199|0.434494322383 594.0 2.0 109770 0.0000|0.0000|0.0000|0.0000|0.0000;0.244656416088|0.290468093558|0.331838327103|0.348802148278|0.379183734377 746.0 11.0 109771 -0.0199|0.0683|0.0297|0.0088|-0.0002;0.163415607993|0.21297113939|0.235344751483|0.224781796861|0.27182427808 6817.0 724.0 109772 0.0553|0.0621|0.0817|0.0629|-0.0112;0.212005421579|0.280493928156|0.337665816468|0.363676639078|0.392933624804 1130.0 40.0 109773 0.0201|0.0421|-0.0031|-0.0008|-0.0001;0.218272700512|0.23692443349|0.310407667221|0.294735246661|0.329682646916 3345.0 259.0 109774 -0.0107|0.1100|-0.0074|0.0620|-0.0077;0.265290368145|0.308638891184|0.321648989803|0.28112412976|0.313829135727 635.0 64.0 109775 -0.1375|0.0627|0.0924|0.1884|-0.0011;0.236796373114|0.331423209969|0.358849097777|0.383395340633|0.410421458356 9385.0 207.0 109745 -0.0100|0.0009|0.0451|0.0060|-0.0002;0.220191244356|0.33381113017|0.364703738853|0.3434398412|0.373824389169 4539.0 134.0 109731 -0.0079|-0.0178|0.0313|0.0931|-0.0017;0.197935451877|0.256023519147|0.275575558579|0.250221201917|0.281568282135 10513.0 489.0 109684 -0.0006|0.0550|0.0719|0.1009|0.0122;0.212722634897|0.237813365498|0.307076421555|0.335588392569|0.365805882765 4982.0 222.0 109769 0.0029|0.1087|-0.0008|-0.0055|-0.0012;0.226119173206|0.293476267669|0.372835186279|0.331196730968|0.363680115753 8214.0 371.0 109755 -0.0176|0.0379|-0.0317|0.1177|-0.0045;0.188997740354|0.306976055352|0.326474743224|0.308053955927|0.332500574472 7290.0 288.0 109758 0.0112|-0.0228|0.0734|0.0985|0.0192,109760.0 20000;109741.0 20000;109762.0 20000;109731.0 20000;109765.0 20000;109766.0 20000;109767.0 20000;109740.0 20000;109770.0 20000;109771.0 20000;109772.0 20000;109773.0 20000;109774.0 20000;109775.0 20000;109745.0 20000;109763.0 20000;109684.0 20000;109758.0 20000;109769.0 20000;109755.0 20000;109761.0 20000,109760 985;109761 952;109762 975;109763 997;109741 877;109765 939;109766 1047;109767 978;109740 946;109770 928;109771 908;109772 986;109773 869;109774 968;109775 957;109745 924;109731 926;109684 956;109769 940;109755 972;109758 970
data,1241978400,1575067.0;81343.0;1651887.0;58383.0;1664800.0;85790.0,0.22288190423|0.282536430862|0.3357247427|0.366887916164|0.391704886148 4286.0 67.0 109760 -0.0078|0.0431|0.0007|-0.0018|-0.0001;0.221694848893|0.313875740745|0.335467123245|0.354955120084|0.380648838818 6929.0 247.0 109761 -0.0142|0.0004|0.0435|0.0323|-0.0006;0.196366045212|0.294360738795|0.34300440679|0.371814338252|0.397174351979 12663.0 605.0 109762 0.0206|-0.0003|-0.0027|0.0037|-0.0002;0.200810142465|0.309946328367|0.337412784838|0.316436513818|0.345490979092 4580.0 136.0 109731 0.0017|-0.0183|0.0418|0.0889|-0.0014;0.187840582334|0.249780846373|0.268462963635|0.240740357943|0.278544697647 1403.0 52.0 109765 -0.0101|0.0569|0.0827|0.0940|-0.0041;0.208748596172|0.303771114587|0.348014206589|0.362512916382|0.388171377399 7266.0 268.0 109766 0.0058|-0.0007|0.0054|0.0179|-0.0002;0.132649608102|0.228882827712|0.300127337232|0.271326283438|0.297580534066 6301.0 299.0 109767 0.0814|0.0140|-0.0137|0.0801|0.0107;0.138513955385|0.184767694414|0.207545824405|0.183751541804|0.232118668452 7067.0 748.0 109772 0.0096|0.0592|0.0711|0.1537|-0.0135;0.21703462111|0.307763557002|0.35508878963|0.386301689974|0.410232858158 612.0 2.0 109770 0.0000|0.0000|0.0000|0.0000|0.0000;0.187361753062|0.242892880425|0.285733904438|0.31918519281|0.348391872722 793.0 13.0 109771 0.0258|0.0588|0.0238|0.0024|-0.0005;0.2100244823|0.316417883253|0.351207449692|0.320723330952|0.343721569194 8781.0 488.0 109740 0.0010|-0.0117|0.0277|0.0683|0.0090;0.219428661248|0.316868491236|0.337609468247|0.375778681648|0.40043493186 5547.0 135.0 109741 -0.0057|0.0010|0.0423|-0.0062|-0.0001;0.20758026509|0.223915125644|0.293784496548|0.280209823192|0.312127557247 3377.0 260.0 109774 -0.0168|0.1123|-0.0058|0.0579|-0.0072;0.258538356937|0.300146921445|0.313308984944|0.273742556416|0.30464099773 674.0 65.0 109775 -0.1309|0.0536|0.0855|0.1845|-0.0041;0.220513921999|0.312782764694|0.337211350369|0.365837144495|0.390851502438 9405.0 207.0 109745 -0.0100|0.0008|0.0408|0.0062|-0.0002;0.199383233466|0.263457741182|0.317031260698|0.349590913337|0.375889871693 1150.0 40.0 109773 0.0173|0.0377|-0.0024|0.0005|-0.0001;0.175751389663|0.269062617908|0.33741431025|0.295678044027|0.322517678333 8196.0 482.0 109763 0.0034|0.0008|-0.0197|0.1444|0.0060;0.189028296078|0.246434011932|0.267056271017|0.241453202439|0.269558237295 10542.0 489.0 109684 -0.0020|0.0499|0.0671|0.0980|0.0104;0.205455588467|0.22735371281|0.292382720728|0.324932975006|0.352543336128 5001.0 222.0 109769 0.0011|0.0995|-0.0007|-0.0029|-0.0010;0.209334610861|0.278023908937|0.302696951527|0.268241496699|0.302868670539 8290.0 376.0 109755 -0.0305|0.0366|0.0598|0.1117|-0.0051;0.183154391351|0.293674680585|0.310544019691|0.292895546324|0.315419008338 7326.0 289.0 109758 0.0095|-0.0207|0.0719|0.0953|0.0168,109760.0 20000;109741.0 20000;109762.0 20000;109731.0 20000;109765.0 20000;109766.0 20000;109767.0 20000;109740.0 20000;109770.0 20000;109771.0 20000;109772.0 20000;109773.0 20000;109774.0 20000;109775.0 20000;109745.0 20000;109763.0 20000;109684.0 20000;109758.0 20000;109769.0 20000;109755.0 20000;109761.0 20000,109760 948;109761 983;109762 937;109731 987;109765 936;109766 1012;109767 943;109772 977;109770 961;109771 958;109740 994;109741 969;109774 945;109775 911;109745 933;109773 895;109763 988;109684 947;109769 954;109755 901;109758 921
data,1241979000,1575836.0;81375.0;1652836.0;58418.0;1665235.0;85821.0,0.205151632009|0.266157303319|0.319247644736|0.353401011286|0.376458887212 4304.0 67.0 109760 -0.0069|0.0398|0.0006|-0.0015|-0.0001;0.20695786558|0.300438296656|0.31725751794|0.33949097762|0.363195979312 6960.0 248.0 109761 -0.0184|0.0012|0.0535|0.0288|-0.0006;0.177691406596|0.277183348372|0.315802218737|0.35212303685|0.375595080602 12695.0 606.0 109762 0.0243|-0.0013|0.0149|-0.0023|-0.0003;0.166826088864|0.232788323094|0.301729944268|0.263717766371|0.290309510833 8244.0 485.0 109763 0.0066|0.0417|-0.0187|0.1359|0.0044;0.203151116034|0.302892352564|0.323260095746|0.362559231829|0.3850152885 5567.0 135.0 109741 -0.0056|0.0009|0.0395|-0.0052|-0.0001;0.180256551136|0.240143597855|0.251743508845|0.227888145298|0.263886450212 1502.0 60.0 109765 -0.0297|0.0558|0.0929|0.1057|-0.0058;0.195816140418|0.28892072172|0.331349955236|0.349990162536|0.373369100527 7285.0 268.0 109766 0.0049|-0.0005|0.0050|0.0171|-0.0002;0.127062492717|0.215666266592|0.282935382322|0.258599312406|0.283302690201 6350.0 299.0 109767 0.0713|0.0111|-0.0139|0.0814|0.0094;0.196314510636|0.302648460245|0.32463640761|0.30151131843|0.32373132605 8833.0 491.0 109740 -0.0160|-0.0110|0.0499|0.0812|0.0076;0.193589964619|0.214940432792|0.27751230559|0.312255582824|0.337831033709 5024.0 222.0 109769 -0.0005|0.0919|-0.0005|-0.0012|-0.0012;0.199378268894|0.294032468532|0.340141759019|0.374365737926|0.39611173882 629.0 2.0 109770 0.0000|0.0000|0.0000|0.0000|0.0000;0.176850265431|0.229731688873|0.270624097006|0.305477416637|0.332797709393 820.0 13.0 109771 0.0206|0.0547|0.0219|0.0030|-0.0004;0.136865378113|0.181115032704|0.203976199778|0.178988137134|0.22804836758 7102.0 754.0 109772 -0.0036|0.0725|0.0755|0.1679|-0.0131;0.183340811418|0.24778253791|0.30074570547|0.336471387284|0.360898256924 1171.0 41.0 109773 0.0380|0.0324|-0.0056|-0.0029|-0.0002;0.184007902964|0.20363088531|0.27336354657|0.265318276202|0.295544589255 3415.0 261.0 109774 -0.0025|0.1016|-0.0053|0.0533|-0.0061;0.197135853027|0.253944904587|0.273218901581|0.234398756302|0.266864269455 773.0 72.0 109775 -0.0761|0.0430|0.0792|0.1815|-0.0005;0.206319232298|0.300944592271|0.323803180602|0.355777638544|0.378421654706 9424.0 207.0 109745 -0.0098|0.0007|0.0380|0.0064|-0.0001;0.18876514157|0.298237525221|0.324337092791|0.305438596842|0.331889987345 4607.0 136.0 109731 -0.0025|-0.0164|0.0385|0.0869|-0.0013;0.179492653485|0.238236627192|0.259436964626|0.234678363719|0.260410289849 10572.0 489.0 109684 -0.0030|0.0476|0.0625|0.0942|0.0093;0.200295392332|0.270488670385|0.294835657347|0.260940751068|0.292178721989 8314.0 376.0 109755 -0.0315|0.0363|0.0558|0.1084|-0.0046;0.174404258691|0.266491961734|0.282276004442|0.264688759635|0.287118055258 7367.0 290.0 109758 -0.0010|0.0326|0.0690|0.0876|0.0145,109760.0 20000;109741.0 20000;109762.0 20000;109731.0 20000;109765.0 20000;109766.0 20000;109767.0 20000;109740.0 20000;109770.0 20000;109771.0 20000;109772.0 17946;109773.0 20000;109774.0 20000;109775.0 20000;109745.0 20000;109763.0 20000;109684.0 20000;109758.0 20000;109769.0 20000;109755.0 20000;109761.0 20000,109760 964;109761 1012;109762 986;109763 1022;109741 994;109765 1003;109766 972;109767 979;109740 955;109769 997;109770 971;109771 954;109772 185;109773 1000;109774 1017;109775 1022;109745 1012;109731 952;109684 1004;109755 1004;109758 995
data,1241979300,1576825.0;81414.0;1653807.0;58453.0;1666215.0;85862.0,0.193459307094|0.254242296011|0.30647384754|0.340647743259|0.362013863943 4322.0 67.0 109760 -0.0060|0.0367|0.0005|-0.0015|-0.0001;0.183629057641|0.281200673587|0.296962539465|0.322771857541|0.345130611438 6996.0 249.0 109761 -0.0006|-0.0012|0.0523|0.0210|-0.0007;0.169794878073|0.263997544608|0.288232820651|0.32532434638|0.348165855102 12742.0 608.0 109762 0.0158|0.0008|0.0443|-0.0056|-0.0004;0.163044816512|0.273557478008|0.290310338613|0.277427696615|0.303566335517 4696.0 141.0 109731 0.0087|-0.0170|0.0615|0.0741|-0.0017;0.174643331956|0.219115208607|0.231233894754|0.20697707916|0.242813725773 1557.0 62.0 109765 -0.0262|0.0656|0.0869|0.0994|-0.0062;0.170726548747|0.261868676791|0.303994794355|0.289888183648|0.314493719806 7391.0 277.0 109766 -0.0181|-0.0123|0.0182|0.1223|-0.0005;0.116662482624|0.2053556034|0.27443308253|0.250363922953|0.273603458316 6444.0 304.0 109767 0.0704|0.0034|-0.0175|0.0865|0.0087;0.192035358431|0.287538672398|0.308306872603|0.346839270654|0.367789415282 5587.0 135.0 109741 -0.0050|0.0008|0.0371|-0.0050|-0.0001;0.186841881768|0.279694696138|0.326928911863|0.362964319419|0.383303097791 644.0 2.0 109770 0.0000|0.0000|0.0000|0.0000|0.0000;0.168435189111|0.220724320366|0.262005257263|0.294672883087|0.319908626218 843.0 13.0 109771 0.0175|0.0525|0.0213|0.0027|-0.0003;0.187951299743|0.254685139681|0.273901864551|0.253198245946|0.277601473855 8903.0 497.0 109740 -0.0339|0.0271|0.0520|0.1090|0.0061;0.162085790526|0.229997832423|0.285532668135|0.321267813834|0.344077246449 1206.0 41.0 109773 0.0281|0.0307|-0.0049|-0.0020|-0.0002;0.174756680006|0.191483318472|0.258135749955|0.252602709043|0.281386102201 3453.0 263.0 109774 -0.0128|0.1176|-0.0030|0.0459|-0.0069;0.182779560375|0.238952311784|0.257841192759|0.219642677283|0.248119450772 886.0 75.0 109775 -0.0755|0.0363|0.0736|0.1699|0.0026;0.196197048408|0.286436518936|0.309321439111|0.342061199439|0.363442672835 9441.0 207.0 109745 -0.0092|0.0006|0.0364|0.0058|-0.0001;0.157174685474|0.217719231437|0.283764630798|0.247015258598|0.272275506289 8299.0 485.0 109763 0.0020|0.0316|-0.0164|0.1279|0.0039;0.172344028517|0.228643717561|0.248024012055|0.223921223767|0.248692609073 10613.0 490.0 109684 -0.0035|0.0425|0.0644|0.0871|0.0085;0.18419620695|0.201697810149|0.264152322047|0.299162370385|0.323046595942 5053.0 223.0 109769 -0.0052|0.0967|0.0002|-0.0041|-0.0013;0.176098215648|0.246041431983|0.271837668095|0.240366790088|0.270996060754 8370.0 378.0 109755 -0.0084|0.0307|0.0497|0.1014|-0.0043;0.170932876663|0.243522877907|0.259347633535|0.242932685441|0.264593803255 7399.0 290.0 109758 0.0008|0.0226|0.0647|0.0846|0.0129,109760.0 20000;109741.0 20000;109762.0 20000;109731.0 20000;109765.0 20000;109766.0 20000;109767.0 20000;109769.0 20000;109770.0 20000;109771.0 20000;109740.0 20000;109773.0 20000;109774.0 20000;109775.0 20000;109745.0 20000;109763.0 20000;109684.0 20000;109758.0 20000;109755.0 20000;109761.0 20000,109760 983;109761 1015;109762 969;109731 1065;109765 1028;109766 966;109767 1009;109741 1004;109770 1043;109771 1081;109740 991;109773 917;109774 1004;109775 983;109745 1023;109763 921;109684 1019;109769 1006;109755 971;109758 1002
data,1241979600,1577823.0;81447.0;1654779.0;58488.0;1667230.0;85925.0,0.183483280877|0.243530454525|0.292340081623|0.324697136761|0.344935663701 4344.0 67.0 109760 -0.0056|0.0345|0.0004|-0.0017|-0.0000;0.161983486881|0.218308132829|0.24002557102|0.266536182243|0.290721036658 7065.0 252.0 109761 0.0101|0.0483|0.0477|0.0140|-0.0009;0.16440805997|0.254609317323|0.276944408822|0.313295054004|0.33437751511 12766.0 608.0 109762 0.0146|0.0009|0.0405|-0.0052|-0.0003;0.157775000888|0.266158013185|0.281856209314|0.269377665386|0.293341042875 4732.0 141.0 109731 0.0054|-0.0146|0.0570|0.0698|-0.0015;0.168112490075|0.212797170316|0.224623327713|0.199787377644|0.233341538571 1603.0 62.0 109765 -0.0291|0.0631|0.0825|0.0936|-0.0069;0.164983883684|0.257060661971|0.288349641317|0.272637618636|0.296225251074 7445.0 278.0 109766 -0.0209|-0.0094|0.0245|0.1089|-0.0006;0.112283951671|0.199254002027|0.2647976868|0.241327472384|0.263166889258 6519.0 305.0 109767 0.0650|0.0027|-0.0174|0.0810|0.0072;0.17454062682|0.19274448569|0.251565410579|0.286119627711|0.308601321537 5079.0 223.0 109769 -0.0060|0.0923|0.0003|-0.0050|-0.0013;0.17779329085|0.268387109114|0.31116159315|0.347022970173|0.36616181684 664.0 2.0 109770 0.0000|0.0000|0.0000|0.0000|0.0000;0.162004871473|0.212787372343|0.251227930773|0.282680621445|0.306072126132 870.0 13.0 109771 0.0159|0.0494|0.0191|0.0023|-0.0003;0.180690436987|0.247152893681|0.264903841374|0.243442517583|0.266576851402 8942.0 498.0 109740 -0.0365|0.0257|0.0553|0.1038|0.0055;0.180522321132|0.273483326796|0.294162233274|0.331135986795|0.350970884212 5610.0 136.0 109741 0.0241|-0.0027|0.0306|-0.0116|-0.0002;0.168589035783|0.179325424036|0.24368444805|0.238008579545|0.265778675572 3513.0 266.0 109774 -0.0174|0.1100|-0.0034|0.0542|-0.0072;0.149837535868|0.221116615428|0.246512895369|0.284805110586|0.307916259842 1287.0 45.0 109773 0.0269|0.0293|0.0420|-0.0069|-0.0003;0.186176269893|0.277039872552|0.295775264862|0.327939237346|0.347765681659 9471.0 208.0 109745 -0.0114|0.0012|0.0465|0.0029|0.0000;0.169716212575|0.222718117789|0.240815402563|0.206226808789|0.234423029648 1060.0 91.0 109775 -0.0821|0.0331|0.0662|0.1741|0.0008;0.146675451938|0.207678450093|0.272169700217|0.236703328927|0.261024732193 8354.0 486.0 109763 0.0038|0.0297|-0.0159|0.1205|0.0032;0.162565063409|0.21927962819|0.239008969817|0.215854651688|0.239029168621 10652.0 490.0 109684 -0.0044|0.0397|0.0611|0.0815|0.0077;0.158983569489|0.231950389401|0.258448697715|0.228239456705|0.256913938445 8429.0 379.0 109755 -0.0043|0.0289|0.0454|0.0943|-0.0035;0.16172474304|0.233981436555|0.250727906484|0.234201716657|0.254588121241 7438.0 290.0 109758 -0.0013|0.0209|0.0614|0.0802|0.0116,109760.0 20000;109741.0 20000;109762.0 20000;109731.0 20000;109765.0 20000;109766.0 20000;109767.0 20000;109769.0 20000;109770.0 20000;109771.0 20000;109740.0 20000;109773.0 20000;109774.0 20000;109775.0 20000;109745.0 20000;109763.0 20000;109684.0 20000;109758.0 20000;109755.0 20000;109761.0 20000,109760 1021;109761 993;109762 1017;109731 989;109765 1010;109766 1075;109767 992;109769 943;109770 1010;109771 980;109740 992;109741 958;109774 995;109773 1038;109745 975;109775 1046;109763 939;109684 998;109755 962;109758 1067
data,1241980200,1578820.0;81490.0;1655760.0;58532.0;1668237.0;85977.0,0.152361708519|0.220321309786|0.268135392978|0.294572729409|0.315334615482 4403.0 69.0 109760 0.0185|0.0318|-0.0021|0.0052|-0.0003;0.156198533979|0.212378129976|0.233703607415|0.259171531455|0.282487676936 7089.0 252.0 109761 0.0081|0.0470|0.0451|0.0134|-0.0008;0.157114432161|0.248663975912|0.26976717121|0.305025005191|0.32529531867 12788.0 608.0 109762 0.0130|0.0012|0.0375|-0.0049|-0.0003;0.14269889845|0.201428061242|0.263618501692|0.230458279605|0.253570334262 8391.0 487.0 109763 0.0014|0.0307|-0.0161|0.1178|0.0029;0.164451521295|0.20880138376|0.220102309154|0.195263765001|0.226791148476 1639.0 62.0 109765 -0.0284|0.0612|0.0779|0.0886|-0.0066;0.162828599982|0.251851883259|0.282243952748|0.266209863046|0.288527584259 7465.0 278.0 109766 -0.0196|-0.0099|0.0239|0.1025|-0.0005;0.103440722217|0.185756231105|0.250372777888|0.229364411726|0.251094946041 6627.0 311.0 109767 0.0623|0.0055|-0.0199|0.0882|0.0057;0.168507150833|0.185213445269|0.242040652178|0.275262464929|0.296957880503 5103.0 223.0 109769 -0.0072|0.0874|0.0004|-0.0048|-0.0013;0.171110500013|0.261126856309|0.301789805234|0.335264670586|0.353512162868 681.0 2.0 109770 0.0000|0.0000|0.0000|0.0000|0.0000;0.155696093111|0.206661677956|0.244041574228|0.273817070757|0.296373981186 891.0 13.0 109771 0.0144|0.0476|0.0179|0.0020|-0.0003;0.174793514994|0.239178638403|0.256672249156|0.236454280985|0.255089964255 9008.0 502.0 109740 -0.0426|0.0203|0.0509|0.1122|0.0139;0.153431867501|0.254946319481|0.278674697881|0.317084128964|0.336496624775 5648.0 136.0 109741 0.0165|-0.0027|0.0295|-0.0104|-0.0002;0.162983660448|0.167848235055|0.229384291055|0.222543150308|0.250884064928 3622.0 277.0 109774 -0.0363|0.1310|-0.0023|0.0599|-0.0092;0.144825484351|0.216314444126|0.240363783508|0.276945075011|0.299049363221 1313.0 45.0 109773 0.0241|0.0289|0.0392|-0.0066|-0.0004;0.178861733179|0.270195469367|0.283530925711|0.315222920038|0.334544902497 9507.0 209.0 109745 -0.0143|0.0017|0.0497|0.0017|-0.0000;0.15283459616|0.25581097601|0.270293983295|0.25675288978|0.280263824768 4783.0 143.0 109731 0.0029|-0.0149|0.0566|0.0730|-0.0015;0.157305721084|0.21401034761|0.232473835679|0.210913488622|0.233169449101 10682.0 490.0 109684 -0.0044|0.0387|0.0576|0.0770|0.0073;0.150991901394|0.222692359217|0.245312008474|0.217371167099|0.245134359097 8485.0 381.0 109755 0.0007|0.0268|0.0472|0.0890|-0.0029;0.163813608243|0.217148503673|0.23168209786|0.199313603389|0.219851281716 1244.0 105.0 109775 -0.0796|0.0374|0.0822|0.1591|0.0135;0.155759220103|0.227990844145|0.243778415098|0.228642393104|0.248034903146 7471.0 290.0 109758 -0.0009|0.0204|0.0573|0.0751|0.0107,109760.0 20000;109741.0 20000;109762.0 20000;109731.0 20000;109765.0 20000;109766.0 20000;109767.0 20000;109769.0 20000;109770.0 20000;109771.0 20000;109740.0 20000;109773.0 20000;109774.0 20000;109775.0 20000;109745.0 20000;109763.0 20000;109684.0 20000;109758.0 20000;109755.0 20000;109761.0 20000,109760 1027;109761 972;109762 960;109763 1000;109765 1022;109766 1039;109767 1006;109769 1001;109770 996;109771 1001;109740 992;109741 964;109774 1006;109773 983;109745 1029;109731 1018;109684 1003;109755 1010;109775 1002;109758 969
data,1241980500,1579797.0;81526.0;1656764.0;58567.0;1669248.0;86032.0,0.146471801714|0.210678178645|0.256724525682|0.284982048444|0.304409585763 4428.0 69.0 109760 0.0171|0.0288|-0.0022|0.0055|-0.0003;0.149784149697|0.192650089889|0.215079692153|0.234067129136|0.257680717643 7139.0 254.0 109761 0.0056|0.0552|0.0426|0.0262|-0.0008;0.149197999808|0.237052835589|0.256961700369|0.267338744902|0.288382597228 12851.0 611.0 109762 0.0010|-0.0031|0.0396|0.0490|-0.0004;0.149013009884|0.245145277273|0.257848089847|0.245686603926|0.268246772574 4824.0 144.0 109731 0.0006|-0.0130|0.0581|0.0690|-0.0015;0.1610937229|0.202903785131|0.212730705559|0.189514705332|0.219555225096 1679.0 63.0 109765 -0.0291|0.0561|0.0773|0.0861|-0.0066;0.159023493942|0.243610488314|0.272688396894|0.256842714215|0.278079416076 7491.0 278.0 109766 -0.0199|-0.0095|0.0228|0.0980|-0.0005;0.101119047498|0.171825992823|0.237019430836|0.216663661163|0.237934079785 6698.0 313.0 109767 0.0564|0.0224|-0.0177|0.0833|0.0052;0.160849523793|0.1770686705|0.233640605421|0.269631493568|0.289992866667 5127.0 223.0 109769 -0.0068|0.0802|0.0003|-0.0030|-0.0011;0.162612027464|0.248082985405|0.288599225888|0.323976363956|0.341159549065 700.0 2.0 109770 0.0000|0.0000|0.0000|0.0000|0.0000;0.14808688213|0.197844382056|0.234119011717|0.265572445661|0.286896877824 916.0 13.0 109771 0.0131|0.0438|0.0167|0.0027|-0.0002;0.170446041216|0.234711386601|0.251545682071|0.231534473164|0.249209345052 9035.0 502.0 109740 -0.0411|0.0192|0.0480|0.1079|0.0128;0.148208528409|0.242365655716|0.266140839002|0.305106226435|0.323595807755 5670.0 136.0 109741 0.0151|-0.0027|0.0282|-0.0095|-0.0001;0.159289700135|0.16345956238|0.222089422972|0.216453418027|0.243740743685 3661.0 278.0 109774 -0.0340|0.1224|-0.0021|0.0576|-0.0087;0.139370227299|0.207234849292|0.228656598219|0.267022958064|0.288055671823 1347.0 46.0 109773 0.0199|0.0272|0.0472|-0.0080|-0.0004;0.170743498851|0.255920975818|0.269156813083|0.295483302912|0.314377821301 9536.0 210.0 109745 -0.0193|-0.0006|0.0450|0.0378|-0.0001;0.160548338468|0.21336496724|0.226652229053|0.194864200986|0.21493851141 1362.0 113.0 109775 -0.0813|0.0330|0.0812|0.1573|0.0108;0.137589401844|0.193289518139|0.253680677867|0.222514732087|0.244406762736 8444.0 489.0 109763 -0.0030|0.0292|-0.0161|0.1179|0.0024;0.136574865366|0.195280324023|0.213833481303|0.196177561669|0.218246356904 10783.0 496.0 109684 0.0192|0.0344|0.0598|0.0703|0.0062;0.131719141479|0.203775821648|0.228378351667|0.203778772068|0.2310951379 8599.0 387.0 109755 0.0096|0.0206|0.0419|0.0963|-0.0033;0.150362362243|0.219499266446|0.234914892798|0.219684687733|0.23567383238 7527.0 292.0 109758 -0.0036|0.0179|0.0545|0.0791|0.0166,109760.0 20000;109741.0 20000;109762.0 20000;109731.0 20000;109765.0 20000;109766.0 20000;109767.0 20000;109769.0 20000;109770.0 20000;109771.0 20000;109740.0 20000;109773.0 20000;109774.0 20000;109775.0 20000;109745.0 20000;109763.0 20000;109684.0 20000;109758.0 20000;109755.0 20000;109761.0 20000,109760 973;109761 1037;109762 938;109731 1043;109765 975;109766 1015;109767 1014;109769 1005;109770 1033;109771 1007;109740 1011;109741 889;109774 1010;109773 1020;109745 954;109775 1025;109763 1075;109684 1002;109755 997;109758 977
data,1241980800,1580810.0;81564.0;1657732.0;58602.0;1670322.0;86071.0,0.141213333839|0.203898630009|0.248854743228|0.275749727195|0.29431320858 4450.0 69.0 109760 0.0160|0.0271|-0.0020|0.0051|-0.0002;0.144521958272|0.186984146265|0.209136277108|0.227805294234|0.250209228822 7165.0 254.0 109761 0.0052|0.0526|0.0401|0.0248|-0.0007;0.148789655008|0.23227195832|0.251117939361|0.260314346196|0.280246192967 12871.0 611.0 109762 0.0015|-0.0030|0.0371|0.0463|-0.0004;0.144806682956|0.238401016553|0.248683278793|0.238029907318|0.259472329428 4872.0 146.0 109731 -0.0029|-0.0109|0.0628|0.0656|-0.0015;0.155254466012|0.196440919393|0.205418200213|0.182600083747|0.21131433568 1752.0 67.0 109765 -0.0336|0.0514|0.0734|0.0956|-0.0067;0.156120308458|0.237334450901|0.265273814613|0.249175366208|0.269404795272 7514.0 278.0 109766 -0.0206|-0.0098|0.0211|0.0964|-0.0005;0.0924772143688|0.154648233376|0.221498675788|0.201821910308|0.22304444857 6861.0 322.0 109767 0.0604|0.0277|-0.0193|0.0786|0.0037;0.155862383254|0.169384458886|0.223173547724|0.260288077026|0.279810881286 5158.0 224.0 109769 -0.0098|0.0834|0.0006|-0.0052|-0.0010;0.156446110151|0.242270318061|0.280989062953|0.315904942927|0.332178628946 717.0 2.0 109770 0.0000|0.0000|0.0000|0.0000|0.0000;0.143017628792|0.191462132603|0.227012498125|0.256840630147|0.276889546897 940.0 13.0 109771 0.0127|0.0407|0.0159|0.0025|-0.0002;0.167405487694|0.227313942492|0.241113668602|0.221231370598|0.23833085244 9086.0 504.0 109740 -0.0437|0.0170|0.0544|0.1046|0.0119;0.143183737549|0.233379823659|0.256828730505|0.296087678077|0.313481688516 5693.0 136.0 109741 0.0142|-0.0026|0.0265|-0.0088|-0.0001;0.156895888195|0.160196892791|0.215927367715|0.211547626149|0.23675269144 3702.0 280.0 109774 -0.0341|0.1209|-0.0017|0.0547|-0.0091;0.136477642506|0.201318355773|0.220788021809|0.258685611206|0.278546417689 1375.0 46.0 109773 0.0195|0.0251|0.0428|-0.0071|-0.0003;0.16750022778|0.249845371605|0.26337266881|0.273264947606|0.292160154985 9574.0 211.0 109745 -0.0223|-0.0027|0.0432|0.0489|-0.0001;0.135108649232|0.188894421635|0.24711799128|0.216688801299|0.237668138833 8480.0 490.0 109763 -0.0044|0.0253|-0.0172|0.1177|0.0021;0.117108310017|0.183872524987|0.200642630525|0.185877001102|0.20783081735 10940.0 503.0 109684 0.0263|0.0299|0.0598|0.0671|0.0054;0.130029746087|0.199470098547|0.223962787729|0.198921599769|0.224801634681 8630.0 387.0 109755 0.0080|0.0188|0.0404|0.0938|-0.0031;0.156985339493|0.206500565188|0.21879988171|0.188872924084|0.208644788515 1482.0 121.0 109775 -0.0854|0.0316|0.0743|0.1573|0.0100;0.143961580931|0.212588200416|0.228254993853|0.212871592468|0.228144487509 7568.0 293.0 109758 0.0027|0.0145|0.0519|0.0763|0.0153,109760.0 20000;109741.0 20000;109762.0 20000;109731.0 20000;109765.0 20000;109766.0 20000;109767.0 20000;109769.0 20000;109770.0 20000;109771.0 20000;109740.0 20000;109773.0 20000;109774.0 20000;109775.0 20000;109745.0 20000;109763.0 20000;109684.0 20000;109758.0 20000;109755.0 20000;109761.0 20000,109760 1028;109761 998;109762 1004;109731 1007;109765 1033;109766 996;109767 996;109769 1017;109770 1020;109771 958;109740 968;109741 1048;109774 985;109773 981;109745 1019;109763 919;109684 963;109755 1041;109775 1060;109758 959
data,1241981400,1581808.0;81609.0;1658717.0;58635.0;1671317.0;86121.0,0.136991569888|0.197887270899|0.241368636161|0.268355566535|0.286273714498 4470.0 69.0 109760 0.0150|0.0257|-0.0019|0.0051|-0.0002;0.135978534022|0.180193134194|0.191188164387|0.207671027921|0.230770116402 7295.0 263.0 109761 -0.0059|0.0525|0.0776|0.0188|-0.0011;0.144585338116|0.226326381305|0.245058012026|0.253080511659|0.272093579439 12896.0 611.0 109762 0.0007|-0.0026|0.0359|0.0434|-0.0003;0.141533839767|0.23239798152|0.24224492822|0.232147888076|0.252568999205 4902.0 146.0 109731 -0.0034|-0.0096|0.0605|0.0619|-0.0013;0.152464775912|0.194200483686|0.202880498615|0.18000567492|0.207476851959 1782.0 67.0 109765 -0.0331|0.0507|0.0715|0.0911|-0.0064;0.152955025387|0.233345693575|0.260365294912|0.244790001987|0.264091350172 7537.0 278.0 109766 -0.0199|-0.0084|0.0210|0.0900|-0.0005;0.0894870099355|0.152399319528|0.21813221122|0.198527643556|0.218999996963 6937.0 325.0 109767 0.0583|0.0247|-0.0204|0.0813|0.0033;0.153519461244|0.166650631517|0.219027613931|0.254656885182|0.273388862185 5174.0 224.0 109769 -0.0096|0.0811|0.0006|-0.0055|-0.0009;0.149691779527|0.232572916548|0.27106493845|0.290543852377|0.307051533275 752.0 4.0 109770 -0.0099|-0.0017|-0.0033|0.0604|-0.0001;0.137954595135|0.185959613452|0.221208697671|0.25075586036|0.270043499431 960.0 13.0 109771 0.0118|0.0389|0.0153|0.0026|-0.0002;0.164285590595|0.224011596182|0.237545998991|0.217905345912|0.234203904285 9114.0 504.0 109740 -0.0424|0.0181|0.0535|0.0975|0.0112;0.139286659073|0.224663571493|0.248129112833|0.285089177384|0.302065131304 5714.0 136.0 109741 0.0135|-0.0026|0.0254|-0.0084|-0.0001;0.154521255379|0.157391313742|0.211911797795|0.208207278834|0.23243972057 3725.0 281.0 109774 -0.0345|0.1219|-0.0013|0.0512|-0.0087;0.132360720562|0.196302433821|0.215238184658|0.25012039183|0.269417271587 1402.0 46.0 109773 0.0183|0.0241|0.0409|-0.0072|-0.0003;0.163222633432|0.245123880255|0.25865651032|0.26674858059|0.284716800996 9595.0 211.0 109745 -0.0214|-0.0025|0.0418|0.0454|-0.0001;0.154456265996|0.191459502352|0.201985963998|0.17449021642|0.190890672526 1654.0 141.0 109775 -0.1001|0.0639|0.0937|0.1493|0.0173;0.131828124022|0.185053800741|0.242226605861|0.212798286667|0.232814446929 8515.0 490.0 109763 -0.0041|0.0255|-0.0153|0.1105|0.0022;0.106068802346|0.148443946386|0.167610451024|0.156897284563|0.181830120113 11096.0 511.0 109684 0.0337|0.0627|0.0548|0.0527|0.0046;0.124719278646|0.193114435513|0.217445193083|0.192862937769|0.217669816049 8685.0 388.0 109755 0.0111|0.0182|0.0376|0.0875|-0.0028;0.133975107795|0.205420370324|0.221595422994|0.206800798746|0.221594285206 7623.0 294.0 109758 0.0059|0.0135|0.0495|0.0720|0.0144,109760.0 20000;109741.0 20000;109762.0 20000;109731.0 20000;109765.0 20000;109766.0 20000;109767.0 20000;109769.0 20000;109770.0 20000;109771.0 20000;109740.0 20000;109773.0 20000;109774.0 20000;109775.0 20000;109745.0 20000;109763.0 20000;109684.0 20000;109758.0 20000;109755.0 20000;109761.0 20000,109760 997;109761 1001;109762 982;109731 1012;109765 1054;109766 1007;109767 986;109769 979;109770 954;109771 1076;109740 1018;109741 1013;109774 986;109773 974;109745 1031;109775 1009;109763 997;109684 1006;109755 955;109758 963
data,1241981700,1582791.0;81649.0;1659742.0;58674.0;1672333.0;86180.0,0.13445679471|0.196611249372|0.239138033942|0.266198417254|0.283389537662 4481.0 69.0 109760 0.0144|0.0258|-0.0019|0.0051|-0.0002;0.135689448676|0.180066668241|0.189161376219|0.206691704079|0.228675921259 7324.0 263.0 109761 -0.0049|0.0521|0.0687|0.0211|-0.0012;0.141741703215|0.225185295697|0.243700408068|0.251642057831|0.269821668279 12909.0 611.0 109762 0.0005|-0.0024|0.0353|0.0423|-0.0003;0.136286562167|0.228530299086|0.237250910619|0.228351359097|0.24825882648 4944.0 149.0 109731 0.0098|-0.0117|0.0627|0.0554|-0.0016;0.141333085943|0.167136841179|0.177929971997|0.154664225385|0.184428868281 1890.0 75.0 109765 -0.0259|0.0797|0.0715|0.0868|-0.0062;0.151343121515|0.230891561493|0.257843174462|0.242286283754|0.260671718897 7550.0 278.0 109766 -0.0202|-0.0082|0.0209|0.0889|-0.0005;0.0871679224555|0.149543963795|0.214700496823|0.194961126761|0.214845879645 7011.0 328.0 109767 0.0563|0.0270|-0.0215|0.0811|0.0031;0.149051810548|0.163181938676|0.215793521841|0.25230584816|0.270124958281 5187.0 224.0 109769 -0.0102|0.0811|0.0007|-0.0056|-0.0008;0.146963116488|0.230558897299|0.269055678891|0.278320714605|0.294540040628 781.0 4.0 109770 -0.0088|-0.0008|-0.0034|0.0462|-0.0001;0.13620788782|0.184913309512|0.219523660023|0.248802607404|0.267310110067 970.0 13.0 109771 0.0114|0.0390|0.0149|0.0026|-0.0002;0.155983038606|0.219215817144|0.233437348697|0.213615975447|0.229512797616 9142.0 505.0 109740 -0.0357|0.0164|0.0528|0.0982|0.0106;0.129571256846|0.193939737669|0.212965223785|0.248379399009|0.266879225371 1415.0 46.0 109773 0.0173|0.0238|0.0403|-0.0067|-0.0003;0.150551351944|0.185670104081|0.193691177119|0.16828139692|0.184732509116 1866.0 161.0 109775 -0.0995|0.0546|0.0822|0.1587|0.0151;0.135356838091|0.2231079783|0.246343909332|0.283252644756|0.299504539359 5727.0 136.0 109741 0.0127|-0.0024|0.0248|-0.0080|-0.0001;0.218903385767|0.275364500727|0.308287485853|0.286508029859|0.336499366573 233.0 2.0 109776 -0.0046|-0.0001|0.0376|0.0033|-0.0005;0.160898977808|0.243843904714|0.257354452911|0.265112294347|0.282332104036 9606.0 211.0 109745 -0.0210|-0.0025|0.0408|0.0450|-0.0001;0.131125235277|0.183861746129|0.239364283553|0.209997999155|0.229237256204 8529.0 490.0 109763 -0.0047|0.0244|-0.0153|0.1106|0.0019;0.0999940663182|0.143336872547|0.162294043317|0.154492301893|0.17865711724 11165.0 514.0 109684 0.0370|0.0593|0.0545|0.0513|0.0041;0.15294541781|0.155751461075|0.209713582458|0.206309048065|0.229771749077 3740.0 281.0 109774 -0.0339|0.1183|-0.0014|0.0519|-0.0083;0.123728566367|0.191756658041|0.215806812947|0.19155477134|0.215334955396 8700.0 388.0 109755 0.0102|0.0182|0.0371|0.0868|-0.0027;0.131971692164|0.203513792174|0.21960995073|0.205007519147|0.219281800247 7641.0 294.0 109758 0.0053|0.0135|0.0488|0.0706|0.0138,109760.0 20000;109741.0 20000;109762.0 20000;109731.0 20000;109765.0 20000;109766.0 20000;109767.0 20000;109769.0 20000;109770.0 20000;109771.0 20000;109740.0 20000;109773.0 20000;109774.0 20000;109775.0 20000;109776.0 5106;109745.0 20000;109763.0 20000;109684.0 20000;109758.0 20000;109755.0 20000;109761.0 20000,109760 956;109761 996;109762 964;109731 1006;109765 982;109766 983;109767 1018;109769 1044;109770 1021;109771 994;109740 969;109773 1053;109775 1026;109741 992;109776 241;109745 940;109763 1025;109684 969;109774 992;109755 997;109758 832
data,1241982000,1583774.0;81679.0;1660692.0;58701.0;1673330.0;86235.0,0.131316954731|0.191627985014|0.232904744196|0.259588367333|0.276531146008 4499.0 69.0 109760 0.0137|0.0245|-0.0018|0.0049|-0.0002;0.135169951255|0.172054211005|0.18083061342|0.200009411374|0.221913482939 7348.0 264.0 109761 -0.0055|0.0593|0.0663|0.0205|-0.0014;0.13910941257|0.219394698095|0.237647191072|0.245082114788|0.263009539687 12928.0 611.0 109762 0.0003|-0.0025|0.0337|0.0412|-0.0004;0.124127603848|0.17804401249|0.232485989338|0.203331752178|0.222577142498 8581.0 492.0 109763 0.0038|0.0206|-0.0179|0.1081|0.0017;0.133327629744|0.160230691035|0.171490153132|0.147604052211|0.177599335843 1964.0 79.0 109765 -0.0125|0.0731|0.0682|0.0882|-0.0062;0.148668544559|0.226731826049|0.252581493729|0.2369723002|0.255072994543 7571.0 278.0 109766 -0.0205|-0.0081|0.0194|0.0870|-0.0004;0.0860755861701|0.146734993439|0.211119944847|0.191011677379|0.210708029248 7066.0 329.0 109767 0.0537|0.0256|-0.0220|0.0816|0.0027;0.144951841745|0.158752719053|0.210567861238|0.237712162069|0.255911257947 5216.0 225.0 109769 -0.0104|0.0774|-0.0001|0.0120|-0.0008;0.146913207452|0.225708339771|0.263406361733|0.272247406929|0.28836534623 791.0 4.0 109770 -0.0087|-0.0010|-0.0032|0.0450|-0.0001;0.132281069575|0.180647583026|0.2144994224|0.243705934643|0.261898922964 989.0 13.0 109771 0.0106|0.0376|0.0142|0.0027|-0.0002;0.153805372211|0.215599031297|0.229175602976|0.209091179954|0.22473508643 9169.0 505.0 109740 -0.0360|0.0155|0.0497|0.0961|0.0102;0.132938609362|0.217539568815|0.237197530883|0.261476638757|0.278408977853 5769.0 138.0 109741 0.0098|-0.0022|0.0310|0.0140|-0.0002;0.149356362176|0.151604041329|0.203854189132|0.201701632147|0.225017811518 3773.0 282.0 109774 -0.0351|0.1159|-0.0010|0.0503|-0.0086;0.148354149302|0.17977843145|0.186956244495|0.163058900933|0.179504408687 2070.0 178.0 109775 -0.1043|0.0539|0.0787|0.1569|0.0162;0.148554358664|0.22545470825|0.250733726208|0.247343965547|0.263956850134 422.0 2.0 109776 -0.0027|-0.0009|0.0203|0.0058|-0.0003;0.156892494113|0.234961521531|0.248485420065|0.25607732185|0.273198687476 9626.0 211.0 109745 -0.0204|-0.0023|0.0391|0.0435|-0.0001;0.127644894711|0.191017069761|0.209454678509|0.244716336942|0.262797932804 1432.0 46.0 109773 0.0166|0.0232|0.0387|-0.0063|-0.0003;0.129345791584|0.222487535521|0.230935748936|0.222944124577|0.242592561899 4989.0 149.0 109731 0.0039|-0.0102|0.0606|0.0554|-0.0016;0.0990182603685|0.140462317112|0.159019957151|0.152393354162|0.176037205675 11202.0 514.0 109684 0.0341|0.0565|0.0527|0.0526|0.0039;0.121348197111|0.188001460308|0.210487137911|0.186416156221|0.209771263581 8747.0 389.0 109755 0.0091|0.0170|0.0374|0.0848|-0.0026;0.131969896813|0.202411286386|0.218566579948|0.204019120076|0.218368486476 7642.0 294.0 109758 0.0053|0.0131|0.0488|0.0706|0.0138,109760.0 20000;109741.0 20000;109762.0 20000;109731.0 20000;109765.0 20000;109766.0 20000;109767.0 20000;109769.0 20000;109770.0 20000;109771.0 20000;109740.0 20000;109773.0 20000;109774.0 20000;109775.0 20000;109776.0 20000;109745.0 20000;109763.0 20000;109684.0 20000;109758.0 9895;109755.0 20000;109761.0 20000,109760 956;109761 979;109762 1012;109763 1059;109765 1030;109766 998;109767 1022;109769 1033;109770 948;109771 1020;109740 992;109741 993;109774 981;109775 1022;109776 881;109745 993;109773 1025;109731 1000;109684 1002;109755 969;109758 85
data,1241982600,1584823.0;81726.0;1661677.0;58732.0;1674319.0;86277.0,0.12847061722|0.187786633735|0.228693753476|0.255504844127|0.271794227026 4515.0 69.0 109760 0.0132|0.0235|-0.0018|0.0049|-0.0002;0.13277524172|0.169589190043|0.177847002237|0.19743047154|0.218460010425 7371.0 264.0 109761 -0.0058|0.0577|0.0641|0.0204|-0.0013;0.122045412059|0.208282222812|0.227628255084|0.235583552988|0.253258130541 12988.0 613.0 109762 0.0148|-0.0040|0.0300|0.0387|-0.0004;0.125982950163|0.217163350905|0.223118152762|0.216730255556|0.235947466529 5075.0 154.0 109731 -0.0029|-0.0073|0.0693|0.0515|-0.0020;0.119350521999|0.148742657311|0.160364948564|0.135777422352|0.166818117354 2151.0 89.0 109765 -0.0112|0.0701|0.0656|0.0947|-0.0065;0.145990391315|0.222620115847|0.247518157307|0.232390698477|0.250010694595 7592.0 278.0 109766 -0.0193|-0.0077|0.0188|0.0826|-0.0004;0.0843974672047|0.145020853742|0.208889475533|0.189105466488|0.208082053405 7110.0 329.0 109767 0.0518|0.0261|-0.0206|0.0783|0.0022;0.143025055957|0.156756778826|0.207304192896|0.234882803889|0.252481323104 5229.0 225.0 109769 -0.0101|0.0755|-0.0001|0.0121|-0.0008;0.144346823928|0.222175047843|0.259128162839|0.267763879685|0.283281689676 806.0 4.0 109770 -0.0085|-0.0009|-0.0030|0.0433|-0.0001;0.129630950872|0.177394696149|0.210907856871|0.240241699722|0.257719413289 1005.0 13.0 109771 0.0102|0.0362|0.0138|0.0028|-0.0002;0.150176806731|0.211787672511|0.224288643895|0.204904260846|0.220211757782 9206.0 506.0 109740 -0.0346|0.0154|0.0511|0.0914|0.0098;0.12980297339|0.214435699865|0.233786405032|0.257506672505|0.271266752183 5808.0 139.0 109741 0.0091|-0.0019|0.0300|0.0135|0.0074;0.146599632735|0.148301281605|0.198904780259|0.196489673711|0.219297937082 3819.0 287.0 109774 -0.0454|0.1242|-0.0007|0.0570|-0.0088;0.147319083808|0.175576703443|0.182103782862|0.159616294162|0.175651798186 2218.0 188.0 109775 -0.1014|0.0619|0.0800|0.1486|0.0139;0.144586406161|0.22108387226|0.245761109497|0.244511853327|0.260448150156 436.0 2.0 109776 -0.0024|-0.0009|0.0194|0.0058|-0.0003;0.152620576358|0.230558029844|0.243953788011|0.251454953827|0.267974036007 9645.0 211.0 109745 -0.0196|-0.0021|0.0379|0.0415|-0.0001;0.123815157281|0.186899883453|0.205145332554|0.239940311376|0.257395354055 1454.0 46.0 109773 0.0157|0.0224|0.0373|-0.0059|-0.0003;0.111374945018|0.17121325352|0.227523396401|0.200116375151|0.218856075165 8680.0 497.0 109763 0.0138|0.0184|-0.0208|0.1052|0.0015;0.095180215361|0.130013295361|0.148162254188|0.145045855981|0.168714354735 11302.0 520.0 109684 0.0335|0.0657|0.0584|0.0474|0.0032;0.118867910959|0.170276981095|0.193127875647|0.17073873363|0.194875651729 8791.0 391.0 109755 0.0076|0.0378|0.0372|0.0808|-0.0025,109760.0 20000;109741.0 20000;109762.0 20000;109731.0 20000;109765.0 20000;109766.0 20000;109767.0 20000;109769.0 20000;109770.0 20000;109771.0 20000;109740.0 20000;109773.0 20000;109774.0 20000;109775.0 20000;109776.0 20000;109745.0 20000;109763.0 20000;109684.0 20000;109755.0 20000;109761.0 20000,109760 999;109761 987;109762 1013;109731 963;109765 1037;109766 1003;109767 1047;109769 1003;109770 1027;109771 969;109740 987;109741 985;109774 1027;109775 964;109776 995;109745 1006;109773 958;109763 986;109684 1042;109755 1002
data,1241982900,1585871.0;81765.0;1662676.0;58778.0;1675351.0;86320.0,0.124500468929|0.183148669432|0.223258179498|0.249944332335|0.26588941843 4534.0 69.0 109760 0.0124|0.0226|-0.0016|0.0049|-0.0002;0.129756268895|0.165962166939|0.173688194831|0.182912032337|0.204392474838 7429.0 267.0 109761 -0.0078|0.0540|0.0619|0.0432|-0.0013;0.119702766289|0.204763627619|0.22402256951|0.231796234686|0.248988878091 13008.0 613.0 109762 0.0140|-0.0039|0.0293|0.0375|-0.0004;0.107735890802|0.168605366388|0.223872312875|0.196804449478|0.214921177478 8727.0 498.0 109763 0.0137|0.0178|-0.0212|0.1038|0.0013;0.113219728952|0.143623987561|0.15629624276|0.131227293509|0.157146999357 2256.0 93.0 109765 -0.0068|0.0682|0.0627|0.0909|0.0077;0.144155333295|0.218695288522|0.243098228264|0.228119408562|0.245165296148 7609.0 278.0 109766 -0.0194|-0.0076|0.0181|0.0816|-0.0004;0.0797855792394|0.135452401986|0.199718797982|0.181361473988|0.200522139471 7263.0 339.0 109767 0.0540|0.0269|-0.0249|0.0833|0.0011;0.126467557631|0.208373506368|0.227282373063|0.251314029974|0.26464375046 5831.0 139.0 109741 0.0086|-0.0019|0.0285|0.0131|0.0070;0.142093426445|0.218776828378|0.254224478513|0.263386319437|0.278371440001 820.0 4.0 109770 -0.0083|-0.0008|-0.0028|0.0423|-0.0001;0.125702624054|0.173361166248|0.205955853783|0.236125822596|0.253158590558 1024.0 13.0 109771 0.0096|0.0349|0.0131|0.0031|-0.0002;0.147854624258|0.198148594944|0.210618986686|0.191887284534|0.207318301185 9245.0 507.0 109740 -0.0346|0.0276|0.0485|0.0891|0.0092;0.120006465396|0.182224885575|0.200097110983|0.235934080108|0.252797369641 1477.0 46.0 109773 0.0148|0.0214|0.0355|-0.0050|-0.0002;0.144400706238|0.145300082277|0.188594868696|0.183372638718|0.206644857492 3903.0 291.0 109774 -0.0491|0.1122|0.0125|0.0708|-0.0085;0.146384941804|0.172623769404|0.17850397399|0.157196342899|0.172856998395 2357.0 196.0 109775 -0.0971|0.0541|0.0731|0.1482|0.0129;0.139846973236|0.216401357482|0.240665009816|0.241563187499|0.256908692637 451.0 2.0 109776 -0.0021|-0.0009|0.0186|0.0057|-0.0003;0.132941889277|0.216684212985|0.231782908792|0.239710837283|0.253739756622 9718.0 214.0 109745 0.0024|-0.0034|0.0351|0.0389|0.0070;0.123735867563|0.212998314496|0.218146164234|0.212537863778|0.231339685394 5125.0 156.0 109731 -0.0041|-0.0062|0.0698|0.0486|-0.0021;0.0928963405049|0.126277070815|0.141222198468|0.141385080113|0.164780649955 11397.0 523.0 109684 0.0308|0.0627|0.0579|0.0486|0.0028;0.138016281804|0.152094408287|0.200686708133|0.229201413631|0.246336509783 5252.0 225.0 109769 -0.0099|0.0728|-0.0001|0.0122|-0.0008;0.11660313768|0.166369607407|0.188642663412|0.167198019251|0.190610333512 8823.0 391.0 109755 0.0074|0.0359|0.0359|0.0782|-0.0023,109760.0 20000;109741.0 20000;109762.0 20000;109731.0 20000;109765.0 20000;109766.0 20000;109767.0 20000;109769.0 20000;109770.0 20000;109771.0 20000;109740.0 20000;109773.0 20000;109774.0 20000;109775.0 20000;109776.0 20000;109745.0 20000;109763.0 20000;109684.0 20000;109755.0 20000;109761.0 20000,109760 984;109761 1045;109762 977;109763 1018;109765 972;109766 990;109767 983;109741 986;109770 1019;109771 974;109740 960;109773 996;109774 942;109775 1098;109776 996;109745 957;109731 1061;109684 1057;109769 993;109755 992
data,1241983200,1586865.0;81800.0;1663664.0;58813.0;1676378.0;86366.0,0.121191838839|0.179949746529|0.217990969106|0.245091353227|0.260547931611 4553.0 69.0 109760 0.0117|0.0221|-0.0015|0.0049|-0.0002;0.117988336278|0.157839690418|0.166636003185|0.174798694765|0.196352108733 7500.0 270.0 109761 0.0060|0.0533|0.0573|0.0440|-0.0013;0.118415919349|0.201452434561|0.21981902604|0.227716862656|0.244497924434 13028.0 613.0 109762 0.0138|-0.0039|0.0276|0.0364|-0.0004;0.103992411641|0.142311723561|0.199615958949|0.175219176501|0.194545425744 8829.0 503.0 109763 0.0084|0.0515|-0.0181|0.0962|0.0012;0.111814778257|0.142251828058|0.154640699726|0.129493880625|0.152050451108 2316.0 93.0 109765 -0.0073|0.0672|0.0600|0.0887|0.0063;0.134319082499|0.196576503504|0.221841181216|0.207625527531|0.225331169477 7669.0 280.0 109766 -0.0156|0.0138|0.0171|0.0782|-0.0004;0.0783248389539|0.131619101601|0.195124074388|0.17754571252|0.196631039942 7347.0 340.0 109767 0.0517|0.0307|-0.0231|0.0768|0.0009;0.134830040808|0.148919489469|0.196153471353|0.223953914915|0.240787393081 5272.0 225.0 109769 -0.0099|0.0710|-0.0001|0.0113|-0.0007;0.129268083199|0.209793084327|0.24417042376|0.252311285464|0.267254849679 863.0 5.0 109770 0.0026|-0.0012|-0.0032|0.0394|-0.0002;0.122882035108|0.1704403433|0.20203329633|0.231484543107|0.248017125195 1043.0 13.0 109771 0.0091|0.0342|0.0125|0.0030|-0.0001;0.144322564015|0.195042413106|0.207318321996|0.188791485714|0.203877854186 9272.0 507.0 109740 -0.0339|0.0268|0.0467|0.0869|0.0089;0.118145865081|0.179084452476|0.196441533859|0.231833557772|0.248315084317 1496.0 46.0 109773 0.0145|0.0206|0.0338|-0.0046|-0.0002;0.143862542615|0.144791697414|0.171083508449|0.166055991353|0.190146707806 3969.0 294.0 109774 -0.0488|0.1110|0.0348|0.0661|-0.0086;0.124511900018|0.205618088688|0.223871190249|0.24747497629|0.260520438356 5848.0 139.0 109741 0.0085|-0.0018|0.0271|0.0127|0.0068;0.135389644853|0.211903483361|0.235498927464|0.238519836288|0.253463556893 466.0 2.0 109776 -0.0018|-0.0010|0.0176|0.0056|-0.0003;0.120433577504|0.207228350399|0.223157098008|0.231848857603|0.24512971747 9775.0 216.0 109745 0.0085|-0.0041|0.0337|0.0366|0.0130;0.141086165678|0.167406862717|0.173491055668|0.152593547467|0.168499809831 2521.0 211.0 109775 -0.0831|0.0580|0.0697|0.1470|0.0115;0.121671961732|0.192521942883|0.197186274896|0.194107669067|0.21352813851 5166.0 157.0 109731 -0.0049|0.0157|0.0671|0.0469|-0.0023;0.0920123191127|0.124710625348|0.139189347303|0.138095724949|0.160920400008 11457.0 525.0 109684 0.0306|0.0616|0.0547|0.0525|0.0024;0.11444884434|0.164857852424|0.186380517059|0.165531948183|0.188091573165 8853.0 391.0 109755 0.0067|0.0362|0.0342|0.0763|-0.0022,109760.0 20000;109741.0 20000;109762.0 20000;109731.0 20000;109765.0 20000;109766.0 20000;109767.0 20000;109769.0 20000;109770.0 20000;109771.0 20000;109740.0 20000;109773.0 20000;109774.0 20000;109775.0 20000;109776.0 20000;109745.0 20000;109763.0 20000;109684.0 20000;109755.0 20000;109761.0 20000,109760 978;109761 994;109762 1014;109763 959;109765 983;109766 1046;109767 1004;109769 1048;109770 986;109771 1021;109740 1007;109773 1039;109774 1002;109741 983;109776 976;109745 1004;109775 997;109731 969;109684 997;109755 993
data,1241983500,1587863.0;81832.0;1664596.0;58850.0;1677409.0;86412.0,0.119603748924|0.176970910034|0.213153560583|0.239912142425|0.254973633839 4572.0 69.0 109760 0.0114|0.0214|-0.0014|0.0046|-0.0001;0.114471888808|0.150097187478|0.159074694118|0.167369090124|0.188636278153 7551.0 271.0 109761 0.0037|0.0582|0.0559|0.0412|-0.0012;0.116036492705|0.197537912868|0.215363051855|0.223614238815|0.23967095379 13054.0 613.0 109762 0.0134|-0.0037|0.0264|0.0349|-0.0004;0.120570231347|0.189518002089|0.193916047266|0.19111678805|0.209944824721 5193.0 157.0 109731 -0.0040|0.0150|0.0644|0.0457|-0.0022;0.110698238183|0.140640148834|0.152217132925|0.127496643961|0.149362161583 2373.0 95.0 109765 -0.0070|0.0661|0.0594|0.0871|0.0059;0.110844214759|0.176748208791|0.201024567413|0.188593341514|0.2072439463 7815.0 288.0 109766 0.0139|0.0125|0.0209|0.0758|-0.0005;0.0773845558992|0.129805276046|0.191560142217|0.174441453088|0.19301507469 7402.0 340.0 109767 0.0503|0.0291|-0.0226|0.0747|0.0006;0.1324106134|0.146536378729|0.191725896756|0.219389034989|0.235630072732 5292.0 225.0 109769 -0.0096|0.0694|-0.0000|0.0107|-0.0007;0.127074002421|0.205004480494|0.23812604254|0.24650417469|0.260996932811 883.0 5.0 109770 0.0027|-0.0011|-0.0030|0.0374|-0.0002;0.12122211546|0.167682586431|0.197478965293|0.226552004361|0.241190888659 1076.0 14.0 109771 0.0090|0.0331|0.0116|0.0029|0.0070;0.141719343063|0.192008430217|0.203845289878|0.185979659013|0.200605960291 9301.0 507.0 109740 -0.0319|0.0263|0.0450|0.0826|0.0085;0.121838216592|0.202501919183|0.220009807938|0.243203380372|0.255774518958 5870.0 139.0 109741 0.0082|-0.0016|0.0258|0.0122|0.0064;0.142779529029|0.143744108169|0.168948389476|0.163869420186|0.187288024262 3997.0 294.0 109774 -0.0462|0.1076|0.0329|0.0635|-0.0086;0.132923587041|0.159264737654|0.165447899766|0.145178216133|0.161697209909 2743.0 227.0 109775 -0.0784|0.0543|0.0722|0.1427|0.0103;0.133974403591|0.191659067262|0.214913386179|0.22403987377|0.239021615471 495.0 3.0 109776 -0.0038|0.0228|0.0173|0.0010|-0.0002;0.11880707716|0.202199025469|0.21732201872|0.226318604142|0.238081810646 9817.0 216.0 109745 0.0084|-0.0038|0.0315|0.0350|0.0113;0.115357955057|0.175705177307|0.192560738538|0.226544535545|0.242511103687 1520.0 46.0 109773 0.0141|0.0199|0.0323|-0.0042|-0.0002;0.103053068465|0.140683469621|0.196389954084|0.1721569227|0.190926696552 8860.0 503.0 109763 0.0079|0.0497|-0.0175|0.0944|0.0012;0.0904333379368|0.121321840372|0.135910822843|0.13537055845|0.157709920641 11518.0 526.0 109684 0.0309|0.0614|0.0530|0.0486|0.0021;0.109737571615|0.15619239253|0.178093803826|0.158476317605|0.180843158219 8909.0 393.0 109755 0.0102|0.0403|0.0324|0.0734|-0.0022,109760.0 20000;109741.0 20000;109762.0 20000;109731.0 20000;109765.0 20000;109766.0 20000;109767.0 20000;109769.0 20000;109770.0 20000;109771.0 20000;109740.0 20000;109773.0 20000;109774.0 20000;109775.0 20000;109776.0 20000;109745.0 20000;109763.0 20000;109684.0 20000;109755.0 20000;109761.0 20000,109760 1004;109761 954;109762 955;109731 976;109765 1014;109766 993;109767 1006;109769 1069;109770 1004;109771 1000;109740 991;109741 1018;109774 978;109775 1019;109776 1022;109745 974;109773 1027;109763 987;109684 1031;109755 978
data,1241984100,1588874.0;81890.0;1665560.0;58893.0;1678412.0;86469.0,0.116918688938|0.173758473444|0.210200402795|0.237609827894|0.252260915442 4585.0 69.0 109760 0.0109|0.0207|-0.0014|0.0048|-0.0001;0.105211533213|0.142316400422|0.152405319088|0.158195772125|0.179961571878 7644.0 276.0 109761 0.0136|0.0529|0.0546|0.0488|-0.0012;0.114155628078|0.193625851996|0.211697620199|0.220540490251|0.236339580984 13066.0 613.0 109762 0.0129|-0.0035|0.0262|0.0346|-0.0004;0.118966069793|0.187518826239|0.191770501565|0.189573595593|0.207939717218 5210.0 157.0 109731 -0.0047|0.0149|0.0638|0.0453|-0.0022;0.109562235512|0.139587882622|0.151112476362|0.126538709362|0.147918147552 2397.0 95.0 109765 -0.0075|0.0654|0.0590|0.0857|0.0058;0.0958901933477|0.145305633637|0.17444662079|0.16283399134|0.183398246413 8011.0 297.0 109766 0.0187|0.0382|0.0186|0.0736|-0.0008;0.0761374280586|0.128570695968|0.189915024079|0.173027142941|0.191149185276 7448.0 342.0 109767 0.0496|0.0285|-0.0234|0.0765|0.0001;0.131193175908|0.144966254837|0.189902565787|0.217258099349|0.233177601698 5304.0 225.0 109769 -0.0090|0.0670|-0.0001|0.0107|-0.0006;0.124892081709|0.201071358061|0.234329146218|0.243176216367|0.257372173831 895.0 5.0 109770 0.0025|-0.0010|-0.0029|0.0370|-0.0002;0.11886318313|0.164839362983|0.195270223856|0.224178617563|0.237652479721 1098.0 14.0 109771 0.0086|0.0321|0.0116|0.0030|0.0064;0.139251267634|0.190157528814|0.196095195677|0.179767182176|0.194491703441 9443.0 517.0 109740 -0.0382|0.0280|0.0639|0.0784|0.0081;0.119579461595|0.19834566408|0.216142681112|0.240066250672|0.252402648873 5883.0 139.0 109741 0.0078|-0.0016|0.0256|0.0122|0.0062;0.141729007629|0.142611718889|0.168009909491|0.163093650972|0.185824433716 4018.0 295.0 109774 -0.0466|0.1070|0.0330|0.0631|-0.0086;0.113442272427|0.173771305209|0.190657401599|0.224840638203|0.240455214753 1531.0 46.0 109773 0.0136|0.0196|0.0320|-0.0039|-0.0002;0.131814703973|0.189156402327|0.212457386954|0.222343266336|0.237008465892 504.0 3.0 109776 -0.0036|0.0222|0.0170|0.0010|-0.0002;0.116843701139|0.198659065616|0.213996221713|0.223062954104|0.234665325187 9833.0 216.0 109745 0.0076|-0.0036|0.0315|0.0344|0.0110;0.128647022011|0.151006748431|0.156672783102|0.137237806754|0.150750313699 3027.0 258.0 109775 -0.0842|0.0741|0.0750|0.1443|0.0190;0.102275908246|0.139489215658|0.194778360391|0.170843916346|0.189179137748 8879.0 503.0 109763 0.0075|0.0489|-0.0171|0.0932|0.0010;0.0896921280811|0.119707678236|0.134299646581|0.134463698727|0.156258482702 11544.0 526.0 109684 0.0296|0.0600|0.0525|0.0490|0.0019;0.108192754153|0.15384701581|0.175749298816|0.156720889246|0.178515944873 8932.0 393.0 109755 0.0096|0.0393|0.0321|0.0721|-0.0021,109760.0 20000;109741.0 20000;109762.0 20000;109731.0 20000;109765.0 20000;109766.0 20000;109767.0 20000;109769.0 20000;109770.0 20000;109771.0 20000;109740.0 20000;109773.0 20000;109774.0 20000;109775.0 20000;109776.0 20000;109745.0 20000;109763.0 20000;109684.0 20000;109755.0 20000;109761.0 20000,109760 1007;109761 997;109762 1049;109731 977;109765 1012;109766 1014;109767 1009;109769 1028;109770 984;109771 976;109740 1012;109741 994;109774 984;109773 1002;109776 983;109745 1018;109775 987;109763 951;109684 969;109755 1047
data,1241984400,1589876.0;81937.0;1666573.0;58926.0;1679451.0;86521.0,0.116212627747|0.171373649926|0.207717396018|0.2345993569|0.248813943941 4597.0 69.0 109760 0.0109|0.0199|-0.0014|0.0047|-0.0001;0.117309888863|0.194450898548|0.212362562847|0.236436025623|0.24844789567 5899.0 139.0 109741 0.0074|-0.0015|0.0254|0.0119|0.0059;0.112044095368|0.190248503033|0.208208769538|0.217308604873|0.23276954619 13084.0 613.0 109762 0.0124|-0.0033|0.0257|0.0336|-0.0003;0.100520437773|0.136553527467|0.192278171195|0.168953924316|0.186704249156 8916.0 504.0 109763 0.0101|0.0464|-0.0171|0.0912|0.0009;0.103173617312|0.133564863845|0.145783431486|0.122102149995|0.143447871779 2493.0 99.0 109765 -0.0001|0.0615|0.0578|0.0838|0.0052;0.095880867345|0.143589204064|0.173054483615|0.161325376648|0.181372939585 8024.0 297.0 109766 0.0187|0.0359|0.0187|0.0733|-0.0008;0.0732254068376|0.125702094668|0.187804821243|0.171334083185|0.18898498961 7543.0 346.0 109767 0.0517|0.0253|-0.0242|0.0743|-0.0005;0.129121306475|0.142912661892|0.188450783856|0.216112897048|0.231335519031 5318.0 225.0 109769 -0.0089|0.0656|-0.0001|0.0109|-0.0006;0.122362358218|0.196024821331|0.229581803601|0.238889365861|0.25269012816 911.0 5.0 109770 0.0026|-0.0010|-0.0028|0.0356|-0.0002;0.117779969022|0.16266388994|0.19305750419|0.221570688307|0.234627911016 1112.0 14.0 109771 0.0086|0.0310|0.0115|0.0030|0.0061;0.138723252646|0.187241659041|0.193102632305|0.176957638161|0.191325736353 9458.0 517.0 109740 -0.0376|0.0260|0.0639|0.0773|0.0078;0.111441723497|0.171043374675|0.187936694387|0.222011182794|0.237158693761 1547.0 46.0 109773 0.0129|0.0190|0.0317|-0.0036|-0.0002;0.139048370955|0.13987898531|0.153781957319|0.149706278849|0.173343316093 4150.0 306.0 109774 -0.0425|0.1061|0.0546|0.0673|-0.0090;0.12475896655|0.145564758675|0.150448623039|0.13173685227|0.144612472009 3282.0 276.0 109775 -0.0812|0.0706|0.0821|0.1376|0.0197;0.129389782084|0.185179951012|0.208971423188|0.220088683417|0.234290162385 516.0 3.0 109776 -0.0035|0.0213|0.0170|0.0012|-0.0002;0.114569827898|0.194880574418|0.210333913136|0.213759028289|0.225361328913 9876.0 218.0 109745 0.0037|-0.0039|0.0308|0.0500|0.0105;0.117866436437|0.184703691047|0.188863936148|0.187066209057|0.205007263911 5225.0 157.0 109731 -0.0051|0.0145|0.0637|0.0443|-0.0022;0.0892398360184|0.118144243291|0.132601743444|0.133110663463|0.154430715302 11573.0 526.0 109684 0.0290|0.0582|0.0519|0.0483|0.0017;0.101154337159|0.148493204028|0.168496874937|0.151547694077|0.173127159297 9027.0 398.0 109755 0.0163|0.0353|0.0356|0.0717|-0.0020;0.101067081753|0.138782006932|0.14893391548|0.154498504065|0.175979723853 7703.0 278.0 109761 0.0172|0.0508|0.0551|0.0451|-0.0013,109760.0 20000;109741.0 20000;109762.0 20000;109731.0 20000;109765.0 20000;109766.0 20000;109767.0 20000;109769.0 20000;109770.0 20000;109771.0 20000;109740.0 20000;109773.0 20000;109774.0 20000;109775.0 20000;109776.0 20000;109745.0 20000;109763.0 20000;109684.0 20000;109755.0 20000;109761.0 20000,109760 982;109741 989;109762 998;109763 1018;109765 1032;109766 1053;109767 963;109769 974;109770 976;109771 994;109740 1037;109773 988;109774 1015;109775 1010;109776 1031;109745 964;109731 1020;109684 951;109755 994;109761 1011
data,1241985000,1590868.0;81971.0;1667530.0;58963.0;1680488.0;86564.0,0.114480843234|0.168813803717|0.204702214288|0.232047356653|0.245833116237 4611.0 69.0 109760 0.0107|0.0193|-0.0014|0.0047|-0.0001;0.0945424813861|0.134074905532|0.144011132425|0.151535731994|0.172411459048 7787.0 280.0 109761 0.0193|0.0487|0.0532|0.0428|-0.0013;0.109977327779|0.186782658051|0.204785161546|0.21441069383|0.22934144067 13101.0 613.0 109762 0.0119|-0.0032|0.0254|0.0332|-0.0003;0.0986747731489|0.134457136241|0.189919085312|0.167295140589|0.18458716461 8948.0 504.0 109763 0.0095|0.0458|-0.0160|0.0886|0.0009;0.115452062882|0.190554333756|0.208321518851|0.225009147552|0.237068899141 5931.0 140.0 109741 0.0039|-0.0028|0.0243|0.0284|0.0057;0.102187760428|0.132102875299|0.144308603777|0.120832689778|0.141543291893 2525.0 99.0 109765 -0.0006|0.0602|0.0575|0.0821|0.0049;0.092345694058|0.137254804438|0.165581367135|0.152292583594|0.172741098127 8157.0 305.0 109766 0.0134|0.0366|0.0232|0.0832|-0.0012;0.0722912958271|0.124425464251|0.186171518806|0.169904872542|0.187268230927 7584.0 346.0 109767 0.0499|0.0254|-0.0234|0.0734|-0.0007;0.123060059963|0.138633327899|0.183901224895|0.211056257364|0.225973622592 5345.0 226.0 109769 0.0017|0.0634|-0.0008|0.0081|-0.0006;0.120516697464|0.193510332858|0.226500967137|0.236072261947|0.24947995613 925.0 5.0 109770 0.0028|-0.0009|-0.0027|0.0343|-0.0002;0.115981274469|0.160256976616|0.190422725766|0.219285554725|0.231943814293 1127.0 14.0 109771 0.0084|0.0301|0.0112|0.0032|0.0058;0.137224317032|0.184992195474|0.190545458901|0.174988768747|0.188980659014 9483.0 517.0 109740 -0.0366|0.0255|0.0625|0.0751|0.0075;0.110046262659|0.168475553743|0.185174591999|0.219174213049|0.233893391235 1563.0 46.0 109773 0.0127|0.0184|0.0310|-0.0034|-0.0002;0.134402725704|0.135259760173|0.149410552789|0.145245577548|0.168939398192 4209.0 308.0 109774 -0.0442|0.1080|0.0537|0.0598|-0.0094;0.118709000536|0.139130351143|0.143374571346|0.125146849592|0.138280735355 3555.0 292.0 109775 -0.0649|0.0659|0.0801|0.1337|0.0181;0.127663803224|0.182975077435|0.206426055143|0.21825402266|0.232010851808 528.0 3.0 109776 -0.0034|0.0209|0.0166|0.0013|-0.0002;0.110395090778|0.19028774685|0.20618715394|0.209024343077|0.22039943864 9911.0 219.0 109745 0.0077|-0.0040|0.0299|0.0492|0.0101;0.117024455765|0.182059346596|0.185958577868|0.184553558987|0.201849608107 5246.0 157.0 109731 -0.0048|0.0140|0.0624|0.0435|-0.0020;0.0883074239217|0.114424373373|0.128827392097|0.130061212507|0.150960248115 11614.0 527.0 109684 0.0277|0.0598|0.0515|0.0476|0.0015;0.0965439687798|0.145395142452|0.16594444357|0.149427397861|0.170039829221 9096.0 400.0 109755 0.0180|0.0338|0.0346|0.0705|-0.0014,109760.0 20000;109741.0 20000;109762.0 20000;109731.0 20000;109765.0 20000;109766.0 20000;109767.0 20000;109769.0 20000;109770.0 20000;109771.0 20000;109740.0 20000;109773.0 20000;109774.0 20000;109775.0 20000;109776.0 20000;109745.0 20000;109763.0 20000;109684.0 20000;109777.0 619;109755.0 20000;109761.0 20000,109760 995;109761 1018;109762 1024;109763 1004;109741 1033;109765 1019;109766 947;109767 937;109769 1014;109770 961;109771 983;109740 954;109773 955;109774 1012;109775 1027;109776 986;109745 1051;109731 1042;109684 1025;109755 1013
data,1241985300,1591156.0;81976.0;1668525.0;58998.0;1681503.0;86604.0,0.114480843234|0.168813803717|0.204702214288|0.232047356653|0.245833116237 4611.0 69.0 109760 0.0107|0.0193|-0.0014|0.0047|-0.0001;0.0945424813861|0.134074905532|0.144011132425|0.151535731994|0.172411459048 7787.0 280.0 109761 0.0193|0.0487|0.0532|0.0428|-0.0013;0.109977327779|0.186782658051|0.204785161546|0.21441069383|0.22934144067 13101.0 613.0 109762 0.0119|-0.0032|0.0254|0.0332|-0.0003;0.117024455765|0.182059346596|0.185958577868|0.184553558987|0.201849608107 5246.0 157.0 109731 -0.0048|0.0140|0.0624|0.0435|-0.0020;0.102187760428|0.132102875299|0.144308603777|0.120832689778|0.141543291893 2525.0 99.0 109765 -0.0006|0.0602|0.0575|0.0821|0.0049;0.092345694058|0.137254804438|0.165581367135|0.152292583594|0.172741098127 8157.0 305.0 109766 0.0134|0.0366|0.0232|0.0832|-0.0012;0.0722912958271|0.124425464251|0.186171518806|0.169904872542|0.187268230927 7584.0 346.0 109767 0.0499|0.0254|-0.0234|0.0734|-0.0007;0.123060059963|0.138633327899|0.183901224895|0.211056257364|0.225973622592 5345.0 226.0 109769 0.0017|0.0634|-0.0008|0.0081|-0.0006;0.120516697464|0.193510332858|0.226500967137|0.236072261947|0.24947995613 925.0 5.0 109770 0.0028|-0.0009|-0.0027|0.0343|-0.0002;0.115981274469|0.160256976616|0.190422725766|0.219285554725|0.231943814293 1127.0 14.0 109771 0.0084|0.0301|0.0112|0.0032|0.0058;0.137224317032|0.184992195474|0.190545458901|0.174988768747|0.188980659014 9483.0 517.0 109740 -0.0366|0.0255|0.0625|0.0751|0.0075;0.115452062882|0.190554333756|0.208321518851|0.225009147552|0.237068899141 5931.0 140.0 109741 0.0039|-0.0028|0.0243|0.0284|0.0057;0.134402725704|0.135259760173|0.149410552789|0.145245577548|0.168939398192 4209.0 308.0 109774 -0.0442|0.1080|0.0537|0.0598|-0.0094;0.118709000536|0.139130351143|0.143374571346|0.125146849592|0.138280735355 3555.0 292.0 109775 -0.0649|0.0659|0.0801|0.1337|0.0181;0.127663803224|0.182975077435|0.206426055143|0.21825402266|0.232010851808 528.0 3.0 109776 -0.0034|0.0209|0.0166|0.0013|-0.0002;0.110395090778|0.19028774685|0.20618715394|0.209024343077|0.22039943864 9911.0 219.0 109745 0.0077|-0.0040|0.0299|0.0492|0.0101;0.110046262659|0.168475553743|0.185174591999|0.219174213049|0.233893391235 1563.0 46.0 109773 0.0127|0.0184|0.0310|-0.0034|-0.0002;0.0986747731489|0.134457136241|0.189919085312|0.167295140589|0.18458716461 8948.0 504.0 109763 0.0095|0.0458|-0.0160|0.0886|0.0009;0.0883074239217|0.114424373373|0.128827392097|0.130061212507|0.150960248115 11614.0 527.0 109684 0.0277|0.0598|0.0515|0.0476|0.0015;0.0965439687798|0.145395142452|0.16594444357|0.149427397861|0.170039829221 9096.0 400.0 109755 0.0180|0.0338|0.0346|0.0705|-0.0014;0.199831416854|0.264598933411|0.300085999386|0.271831010685|0.312263874915 288.0 5.0 109777 -0.0367|-0.0136|0.0288|0.0786|-0.0020,109760.0 20000;109741.0 20000;109762.0 20000;109731.0 20000;109765.0 20000;109766.0 20000;109777.0 20000;109769.0 20000;109770.0 20000;109771.0 20000;109740.0 20000;109773.0 20000;109774.0 20000;109775.0 20000;109776.0 20000;109745.0 20000;109763.0 20000;109684.0 20000;109761.0 20000;109755.0 20000;109767.0 20000,109760 742;109761 1026;109762 1019;109731 998;109765 990;109766 956;109767 986;109769 997;109770 1000;109771 987;109740 989;109741 1015;109774 1009;109775 1036;109776 1013;109745 956;109773 1026;109763 963;109684 1012;109755 992;109777 288
data,1241985600,1591969.0;81992.0;1669495.0;59036.0;1682491.0;86653.0,0.116114981722|0.180706232731|0.184571199172|0.183618834399|0.200995764068 5252.0 157.0 109731 -0.0052|0.0138|0.0621|0.0438|-0.0020;0.135841288513|0.184225974195|0.189657043984|0.174299777534|0.188354619781 9491.0 517.0 109740 -0.0371|0.0256|0.0619|0.0752|0.0075;0.115435271177|0.190548289234|0.208142783513|0.224887501251|0.236954810435 5932.0 140.0 109741 0.0040|-0.0028|0.0241|0.0284|0.0057;0.109568006763|0.189012719364|0.204955394286|0.207643077432|0.219090404034 9919.0 219.0 109745 0.0071|-0.0039|0.0298|0.0490|0.0101;0.0958276075754|0.144428377601|0.165098484745|0.14866480663|0.169370121772 9108.0 400.0 109755 0.0168|0.0333|0.0347|0.0706|-0.0014;0.114480843234|0.168813803717|0.204702214288|0.232047356653|0.245833116237 4611.0 69.0 109760 0.0107|0.0193|-0.0014|0.0047|-0.0001;0.094256075896|0.13368955384|0.143467538075|0.151052576654|0.171991528816 7795.0 280.0 109761 0.0188|0.0485|0.0529|0.0428|-0.0013;0.109649451564|0.185514478027|0.203645971583|0.213506725434|0.228498586175 13103.0 613.0 109762 0.0118|-0.0032|0.0254|0.0332|-0.0003;0.0979833036646|0.133562266535|0.188735298301|0.166251595528|0.183649508307 8958.0 504.0 109763 0.0086|0.0450|-0.0157|0.0888|0.0009;0.101557099982|0.131284930153|0.143497395175|0.120135538056|0.140892397452 2538.0 99.0 109765 -0.0016|0.0593|0.0573|0.0825|0.0048;0.0918012769396|0.136826512711|0.164961463933|0.151562207988|0.17210735023 8171.0 306.0 109766 0.0157|0.0353|0.0227|0.0833|-0.0012;0.0719964325698|0.123797465546|0.185241231248|0.169098983623|0.186472456549 7602.0 346.0 109767 0.0493|0.0248|-0.0232|0.0731|-0.0008;0.118627960906|0.135832427304|0.181857239655|0.209667452948|0.224697171914 5356.0 226.0 109769 0.0008|0.0635|-0.0008|0.0082|-0.0006;0.119751073329|0.191900103488|0.225152271727|0.234865974698|0.248346705356 928.0 5.0 109770 0.0026|-0.0009|-0.0027|0.0343|-0.0002;0.115975141439|0.160254699857|0.190078316516|0.219039299194|0.231711486368 1128.0 14.0 109771 0.0084|0.0301|0.0111|0.0032|0.0058;0.109406856587|0.167449490789|0.184224666845|0.218722073403|0.233471636503 1566.0 46.0 109773 0.0124|0.0182|0.0310|-0.0032|-0.0002;0.133568284618|0.134382609643|0.148606067384|0.144683968869|0.168387735641 4218.0 308.0 109774 -0.0440|0.1064|0.0533|0.0604|-0.0094;0.117138760374|0.137681394893|0.142079497418|0.123809044311|0.137063616977 3593.0 292.0 109775 -0.0671|0.0647|0.0790|0.1336|0.0181;0.127641894136|0.182967970131|0.206151688198|0.218091504739|0.231861077187 529.0 3.0 109776 -0.0034|0.0208|0.0164|0.0013|-0.0002;0.152601758729|0.20162550421|0.222285466737|0.201886779071|0.222258265182 574.0 9.0 109777 -0.0370|0.0078|0.0157|0.0724|-0.0016;0.168831283172|0.243969067169|0.277761310997|0.248515204422|0.283942280931 353.0 11.0 109778 0.0060|0.0042|0.0485|0.0598|0.0176;0.0878863548651|0.114046846932|0.128372807511|0.129755941456|0.150703814892 11622.0 527.0 109684 0.0273|0.0595|0.0512|0.0477|0.0016,109731.0 20000;109740.0 20000;109741.0 20000;109745.0 20000;109755.0 20000;109760.0 9327;109761.0 20000;109762.0 20000;109763.0 20000;109765.0 20000;109766.0 20000;109767.0 20000;109769.0 20000;109770.0 20000;109771.0 20000;109773.0 20000;109774.0 20000;109775.0 20000;109776.0 20000;109777.0 20000;109778.0 10673;109684.0 20000,109731 970;109740 1019;109741 602;109745 1012;109755 1024;109760 9;109761 977;109762 1045;109763 966;109765 1042;109766 1024;109767 1001;109769 1022;109770 978;109771 944;109773 1041;109774 973;109775 1024;109776 1004;109777 976;109778 353;109684 994
data,1241986200,1592849.0;82025.0;1670523.0;59068.0;1683484.0;86691.0,0.0938738353706|0.132684314949|0.142533686711|0.15052272927|0.171532271671 7802.0 280.0 109761 0.0181|0.0478|0.0528|0.0431|-0.0013;0.10836125872|0.183763646639|0.202082257458|0.209729461598|0.224988549349 13118.0 614.0 109762 0.0112|-0.0044|0.0255|0.0404|-0.0003;0.09551466208|0.128959059039|0.185406861219|0.16346768164|0.181159452026 8999.0 508.0 109763 0.0097|0.0595|-0.0152|0.0864|0.0008;0.100825433616|0.12939367726|0.141635668466|0.118243412442|0.139315220354 2567.0 101.0 109765 -0.0035|0.0615|0.0574|0.0838|0.0048;0.0907604547278|0.135584035094|0.164003964089|0.150459727648|0.171156054616 8193.0 306.0 109766 0.0136|0.0345|0.0230|0.0831|-0.0012;0.0716271064983|0.122890583024|0.184113500387|0.16814605803|0.185622637535 7623.0 346.0 109767 0.0487|0.0242|-0.0227|0.0720|-0.0006;0.116530125198|0.133814764999|0.180479547561|0.208945318168|0.224037661991 5364.0 226.0 109769 0.0004|0.0623|-0.0007|0.0086|-0.0006;0.118628788992|0.190170467601|0.223746471278|0.233684608079|0.247240751651 932.0 5.0 109770 0.0025|-0.0009|-0.0027|0.0343|-0.0002;0.113703280857|0.158447627856|0.188635289651|0.217755133784|0.230504339062 1135.0 14.0 109771 0.0081|0.0296|0.0111|0.0033|0.0058;0.13555787885|0.183564520397|0.188980832916|0.173647685703|0.187757681353 9493.0 517.0 109740 -0.0371|0.0251|0.0619|0.0753|0.0075;0.108551470055|0.165519441269|0.182501001872|0.217076286972|0.231934328588 1571.0 46.0 109773 0.0122|0.0177|0.0310|-0.0030|-0.0002;0.132499456998|0.133321864785|0.147696706198|0.143751241896|0.167539504066 4234.0 309.0 109774 -0.0456|0.1048|0.0531|0.0646|-0.0094;0.115435271177|0.190548289234|0.208142783513|0.224887501251|0.236954810435 5932.0 140.0 109741 0.0040|-0.0028|0.0241|0.0284|0.0057;0.12489429654|0.179358456684|0.203169759646|0.216681214157|0.230547618051 535.0 3.0 109776 -0.0033|0.0201|0.0164|0.0014|-0.0002;0.109334453933|0.18681547579|0.202967538324|0.205674627903|0.217233588436 9923.0 219.0 109745 0.0069|-0.0040|0.0298|0.0489|0.0101;0.123830275841|0.18180459447|0.194918981962|0.179037388422|0.194490227311 845.0 25.0 109778 -0.0242|0.0075|0.0517|0.0726|0.0098;0.115155245135|0.179431396581|0.183257152806|0.182612973426|0.200083206763 5259.0 157.0 109731 -0.0058|0.0137|0.0621|0.0436|-0.0020;0.0857271929985|0.112159904|0.126987116145|0.128668845626|0.149794858622 11658.0 528.0 109684 0.0280|0.0585|0.0507|0.0465|0.0016;0.111825994936|0.133022164904|0.138037411283|0.119550143055|0.133271068257 3712.0 302.0 109775 -0.0445|0.0588|0.0759|0.1332|0.0175;0.095147868964|0.143183940567|0.164044841704|0.147758055603|0.168580805585 9119.0 400.0 109755 0.0162|0.0326|0.0347|0.0703|-0.0014;0.149464235961|0.197033237921|0.217618597093|0.199199274834|0.217630857788 602.0 9.0 109777 -0.0330|0.0085|0.0166|0.0642|-0.0014,109761.0 20000;109762.0 20000;109731.0 20000;109765.0 20000;109766.0 20000;109777.0 20000;109769.0 20000;109770.0 20000;109771.0 20000;109740.0 20000;109773.0 20000;109774.0 20000;109741.0 4113;109776.0 20000;109745.0 20000;109778.0 20000;109763.0 20000;109684.0 20000;109775.0 20000;109755.0 20000;109767.0 20000,109761 1012;109762 1031;109763 1020;109765 1007;109766 1000;109767 968;109769 989;109770 1037;109771 961;109740 973;109773 1014;109774 993;109741 74;109776 987;109745 1015;109778 904;109731 1005;109684 1007;109775 1045;109755 962;109777 996
data,1241986500,1593849.0;82065.0;1671517.0;59100.0;1684496.0;86750.0,0.0930365694871|0.130690268772|0.140708107698|0.14908657267|0.169886015856 7820.0 280.0 109761 0.0172|0.0463|0.0528|0.0429|-0.0013;0.091939553222|0.173938465386|0.19222704957|0.200280951905|0.216045199655 13242.0 620.0 109762 0.0243|-0.0093|0.0265|0.0463|-0.0006;0.0939159661597|0.124115998358|0.180286950321|0.159250924714|0.177085432501 9046.0 508.0 109763 0.0097|0.0517|-0.0144|0.0851|0.0008;0.099680380276|0.127336799129|0.139170126979|0.116886424762|0.137946029496 2607.0 103.0 109765 -0.0037|0.0586|0.0566|0.0848|0.0047;0.0904975585492|0.134838621934|0.162536149827|0.149074244039|0.169560268656 8212.0 306.0 109766 0.0145|0.0338|0.0223|0.0804|-0.0012;0.0708492082082|0.121277663455|0.18252471573|0.166920412802|0.184281683728 7653.0 346.0 109767 0.0471|0.0229|-0.0221|0.0726|-0.0007;0.114306314504|0.131252905124|0.178718715543|0.20718788854|0.222216207662 5377.0 226.0 109769 0.0003|0.0604|-0.0007|0.0087|-0.0006;0.116238247622|0.186686809557|0.210043262967|0.221634702196|0.235642001266 979.0 7.0 109770 0.0021|-0.0008|0.0179|0.0315|-0.0002;0.111707025129|0.154599482848|0.185448902591|0.21439776445|0.2271089983 1148.0 14.0 109771 0.0080|0.0278|0.0111|0.0034|0.0057;0.134571418812|0.181193144821|0.186533720071|0.171610615654|0.184110592404 9530.0 518.0 109740 -0.0361|0.0242|0.0616|0.0730|0.0115;0.108453827106|0.163806437882|0.180741612307|0.214536389903|0.22926336606 1579.0 46.0 109773 0.0122|0.0171|0.0308|-0.0030|-0.0002;0.130873885272|0.131663880535|0.143527807841|0.139153468397|0.163532007162 4327.0 315.0 109774 -0.0450|0.1023|0.0595|0.0623|-0.0094;0.0983348774063|0.122013165249|0.128592901831|0.110098718177|0.124626358255 4030.0 322.0 109775 -0.0382|0.0561|0.0783|0.1301|0.0187;0.122917806756|0.175947235453|0.200096020653|0.213986651689|0.227756262825 545.0 3.0 109776 -0.0032|0.0193|0.0164|0.0015|-0.0002;0.108283809503|0.184020756432|0.200343223482|0.203193196051|0.214686567386 9935.0 219.0 109745 0.0067|-0.0039|0.0296|0.0480|0.0100;0.123404756828|0.179265892149|0.191428069893|0.176459904512|0.189180201596 900.0 25.0 109778 -0.0221|0.0072|0.0481|0.0702|0.0079;0.114159033424|0.177010011282|0.18077854388|0.180537004556|0.197835959419 5272.0 157.0 109731 -0.0058|0.0134|0.0618|0.0425|-0.0020;0.0847971423465|0.110627733063|0.125788565713|0.128007202522|0.14897661108 11678.0 528.0 109684 0.0266|0.0570|0.0509|0.0473|0.0014;0.0938427116032|0.136562437055|0.157530877258|0.142418646709|0.163696894876 9159.0 403.0 109755 0.0140|0.0483|0.0351|0.0694|-0.0014;0.145022347256|0.192291201715|0.213178358445|0.196187805278|0.211257586065 645.0 9.0 109777 -0.0306|0.0086|0.0167|0.0606|-0.0011,109761.0 20000;109762.0 20000;109731.0 20000;109765.0 20000;109766.0 20000;109777.0 20000;109769.0 20000;109770.0 20000;109771.0 20000;109740.0 20000;109773.0 20000;109774.0 20000;109775.0 20000;109776.0 20000;109745.0 20000;109778.0 20000;109763.0 20000;109684.0 20000;109755.0 20000;109767.0 20000,109761 1042;109762 981;109763 981;109765 1026;109766 1010;109767 1052;109769 1028;109770 956;109771 966;109740 1019;109773 985;109774 1017;109775 989;109776 1002;109745 1004;109778 989;109731 976;109684 1013;109755 960;109777 1004
data,1241986800,1594903.0;82103.0;1672521.0;59135.0;1685509.0;86794.0,0.092275297372|0.129063738624|0.138981975318|0.147420062794|0.167899824965 7844.0 280.0 109761 0.0162|0.0453|0.0524|0.0421|-0.0013;0.0893900953847|0.17125505836|0.189513817668|0.195538644737|0.21115661275 13295.0 621.0 109762 0.0250|-0.0091|0.0258|0.0429|-0.0006;0.111758795932|0.172785224269|0.176468675005|0.177252895576|0.194289592198 5296.0 157.0 109731 -0.0059|0.0129|0.0608|0.0416|-0.0019;0.0969106643417|0.125136935681|0.137255004383|0.115204221944|0.135881150804 2658.0 104.0 109765 -0.0018|0.0564|0.0557|0.0831|0.0047;0.0895817720029|0.133245567755|0.160845606683|0.147463477894|0.167535195101 8241.0 306.0 109766 0.0135|0.0328|0.0221|0.0792|-0.0012;0.068444414395|0.115950725685|0.176640363207|0.161903777233|0.178989253127 7737.0 350.0 109767 0.0487|0.0284|-0.0219|0.0683|0.0002;0.111991259177|0.128854071501|0.175401990159|0.204282842038|0.218948246723 5398.0 226.0 109769 0.0001|0.0586|-0.0007|0.0087|-0.0005;0.113190697649|0.181524553263|0.204731928519|0.217408734749|0.231236207722 998.0 7.0 109770 0.0018|-0.0008|0.0174|0.0310|-0.0002;0.109053762283|0.151835731199|0.18267259499|0.212141701851|0.224634766514 1164.0 14.0 109771 0.0076|0.0271|0.0109|0.0036|0.0056;0.131994532057|0.178328583304|0.183522650732|0.169102386209|0.181505584139 9554.0 518.0 109740 -0.0355|0.0232|0.0607|0.0715|0.0113;0.106096971734|0.160729723867|0.177774811208|0.202815514808|0.217884407226 1609.0 47.0 109773 0.0095|0.0164|0.0297|0.0146|-0.0002;0.12301155227|0.124323047824|0.137000069297|0.133417994364|0.158000143564 4386.0 317.0 109774 -0.0318|0.0985|0.0585|0.0603|-0.0095;0.0932388364427|0.117184344577|0.124128249834|0.105525804094|0.119358547885 4315.0 338.0 109775 -0.0387|0.0634|0.0762|0.1280|0.0208;0.117972239686|0.170340670014|0.193966826497|0.194333012761|0.209284144078 616.0 7.0 109776 -0.0146|0.0108|0.0119|0.0544|-0.0005;0.142542092499|0.188331464274|0.206477551479|0.190908985583|0.205812716466 675.0 10.0 109777 -0.0315|0.0086|0.0235|0.0592|-0.0011;0.122164388519|0.1668724145|0.175374874921|0.16289122656|0.176007506277 1008.0 32.0 109778 -0.0278|0.0221|0.0586|0.0663|0.0086;0.0930767307372|0.12295061421|0.177906020222|0.157252509377|0.174793144718 9069.0 508.0 109763 0.0101|0.0502|-0.0138|0.0834|0.0008;0.0839731737006|0.109404727525|0.124372467687|0.126832427414|0.145842301619 11721.0 529.0 109684 0.0260|0.0554|0.0500|0.0470|0.0068;0.105920921511|0.180955838425|0.197333697508|0.200260592758|0.211551978494 9958.0 219.0 109745 0.0061|-0.0037|0.0293|0.0465|0.0096;0.0929006386626|0.130771854761|0.151725340853|0.137661007025|0.158913264223 9196.0 403.0 109755 0.0144|0.0416|0.0342|0.0687|-0.0013,109761.0 20000;109762.0 20000;109731.0 20000;109765.0 20000;109766.0 20000;109777.0 20000;109769.0 20000;109770.0 20000;109771.0 20000;109740.0 20000;109773.0 20000;109774.0 20000;109775.0 20000;109776.0 20000;109745.0 20000;109778.0 20000;109763.0 20000;109684.0 20000;109755.0 20000;109767.0 20000,109761 1062;109762 1016;109731 982;109765 976;109766 968;109767 1015;109769 954;109770 1060;109771 1027;109740 1032;109773 989;109774 988;109775 1006;109776 992;109777 999;109778 972;109763 1001;109684 1005;109745 970;109755 986
data,1241987400,1595959.0;82148.0;1673507.0;59162.0;1686589.0;86841.0,0.0864728027403|0.12486257192|0.135030274795|0.14474849866|0.165202918885 7921.0 283.0 109761 0.0227|0.0443|0.0506|0.0376|-0.0013;0.0888039826371|0.169468011066|0.187113888467|0.193209912541|0.205194798513 13361.0 624.0 109762 0.0254|-0.0094|0.0292|0.0421|0.0090;0.110923958694|0.171506963411|0.175036116595|0.176018542894|0.192888749039 5314.0 157.0 109731 -0.0047|0.0126|0.0587|0.0408|-0.0019;0.0924676129663|0.12098015456|0.132977907899|0.112563957134|0.133252594278 2767.0 110.0 109765 -0.0021|0.0556|0.0554|0.0856|0.0045;0.0877121573257|0.131651056079|0.155756458103|0.142916964257|0.163204111892 8311.0 309.0 109766 0.0158|0.0314|0.0271|0.0768|-0.0012;0.0665172820306|0.113857896017|0.174481534016|0.16019286719|0.177278613132 7808.0 353.0 109767 0.0466|0.0265|-0.0222|0.0724|0.0001;0.110538349447|0.127346559129|0.172119240588|0.200758356861|0.215498260987 5413.0 226.0 109769 0.0001|0.0574|-0.0007|0.0083|-0.0005;0.141274951211|0.186620290015|0.200769690253|0.186611753262|0.201628018262 715.0 12.0 109777 -0.0336|0.0092|0.0324|0.0575|-0.0011;0.106522867582|0.149927882574|0.179975796095|0.209959573513|0.222374276621 1178.0 14.0 109771 0.0073|0.0268|0.0105|0.0037|0.0055;0.130342347731|0.175571576526|0.18036467675|0.167211997664|0.179453085153 9596.0 520.0 109740 -0.0374|0.0217|0.0586|0.0754|0.0113;0.103746028015|0.158150630658|0.174975563319|0.199866988813|0.214866537837 1627.0 47.0 109773 0.0094|0.0159|0.0286|0.0142|-0.0002;0.119904192591|0.121147229049|0.133813543194|0.130930997175|0.155684752596 4437.0 320.0 109774 -0.0351|0.1016|0.0566|0.0585|-0.0097;0.0907372416837|0.113812400706|0.120767527759|0.102038286992|0.115979808818 4585.0 354.0 109775 -0.0381|0.0630|0.0751|0.1266|0.0195;0.117750558772|0.169951591796|0.193439281181|0.193323432083|0.20808180419 626.0 7.0 109776 -0.0137|0.0114|0.0122|0.0501|-0.0005;0.105648450164|0.178928749456|0.194810777469|0.19780939943|0.209057628617 9971.0 219.0 109745 0.0065|-0.0038|0.0282|0.0455|0.0095;0.121997928125|0.16617551883|0.174391028627|0.162174131575|0.175092605125 1023.0 32.0 109778 -0.0267|0.0218|0.0567|0.0656|0.0084;0.0908894852618|0.120807925567|0.175308980199|0.155210004519|0.172679066827 9108.0 509.0 109763 0.0114|0.0494|-0.0137|0.0817|0.0008;0.0826576557723|0.108281231196|0.122650597657|0.125233108926|0.143368990847 11772.0 530.0 109684 0.0264|0.0545|0.0504|0.0442|0.0064;0.091934412075|0.129402090216|0.150268951894|0.136530127859|0.157687715232 9216.0 403.0 109755 0.0142|0.0409|0.0339|0.0672|-0.0013;0.110931802648|0.158147379148|0.183354562464|0.197850857811|0.212763006476 1045.0 9.0 109770 -0.0012|0.0276|0.0171|0.0296|-0.0002,109761.0 20000;109762.0 20000;109731.0 20000;109765.0 20000;109766.0 20000;109777.0 20000;109769.0 20000;109770.0 20000;109771.0 20000;109740.0 20000;109773.0 20000;109774.0 20000;109775.0 20000;109776.0 20000;109745.0 20000;109778.0 20000;109763.0 20000;109684.0 20000;109755.0 20000;109767.0 20000,109761 981;109762 1008;109731 1047;109765 972;109766 1005;109767 1015;109769 982;109777 1015;109771 1027;109740 1031;109773 1004;109774 992;109775 1056;109776 964;109745 988;109778 961;109763 943;109684 1018;109755 1009;109770 982
data,1241987700,1596950.0;82201.0;1674494.0;59189.0;1687555.0;86884.0,0.0857441307253|0.123382150451|0.133469954609|0.143880718474|0.163835759858 7943.0 283.0 109761 0.0214|0.0433|0.0502|0.0384|-0.0013;0.0869508107815|0.16781760686|0.18407371601|0.190784674744|0.202555903387 13400.0 625.0 109762 0.0251|-0.0092|0.0308|0.0413|0.0087;0.0900471200815|0.119323471773|0.172845344417|0.1531247626|0.170317843914 9134.0 509.0 109763 0.0110|0.0481|-0.0134|0.0810|0.0008;0.0917354879938|0.12011003962|0.130426163078|0.110608711424|0.131300783236 2837.0 116.0 109765 -0.0022|0.0555|0.0638|0.0830|0.0040;0.0805517609221|0.126523040083|0.151373298092|0.138959141398|0.159128355372 8474.0 317.0 109766 0.0243|0.0280|0.0238|0.0767|-0.0009;0.0656128357265|0.112378464314|0.172557233909|0.158724369374|0.175418613383 7851.0 353.0 109767 0.0463|0.0259|-0.0215|0.0699|0.0001;0.110059761271|0.126849917506|0.171238202369|0.199284561203|0.213679900182 5423.0 226.0 109769 0.0003|0.0569|-0.0006|0.0080|-0.0005;0.110846010563|0.156961942265|0.181801952878|0.196315609594|0.210977856076 1054.0 9.0 109770 -0.0010|0.0269|0.0167|0.0291|-0.0002;0.105559951884|0.148798549628|0.17843509388|0.208294727327|0.220473044234 1189.0 14.0 109771 0.0072|0.0264|0.0102|0.0037|0.0053;0.130054219918|0.174974943653|0.179723486925|0.166631636355|0.178588902866 9608.0 520.0 109740 -0.0369|0.0214|0.0580|0.0748|0.0110;0.102722687457|0.156315577382|0.168999458483|0.19524887919|0.210214559836 1680.0 50.0 109773 0.0059|0.0163|0.0398|0.0143|-0.0002;0.118225716667|0.119006262587|0.131139566636|0.128011478429|0.15287197422 4533.0 329.0 109774 -0.0430|0.1045|0.0570|0.0664|-0.0100;0.0879315340998|0.1107790659|0.117636869592|0.0994763183756|0.113010115574 4873.0 377.0 109775 -0.0331|0.0562|0.0717|0.1288|0.0211;0.117716069726|0.169882087558|0.193343174758|0.193197031187|0.207605508003 631.0 7.0 109776 -0.0136|0.0115|0.0123|0.0495|-0.0005;0.141129003096|0.185702814703|0.199615939143|0.185750898111|0.200372624456 724.0 12.0 109777 -0.0332|0.0091|0.0319|0.0570|-0.0011;0.121760929109|0.165364167492|0.173445331634|0.161466275553|0.17412754662 1034.0 32.0 109778 -0.0263|0.0214|0.0561|0.0651|0.0082;0.10654158309|0.168643955546|0.17225127202|0.174595420863|0.191186381661 5344.0 158.0 109731 -0.0015|0.0120|0.0580|0.0408|-0.0019;0.0817053726477|0.1073439923|0.121546012492|0.124478886164|0.142188657278 11798.0 530.0 109684 0.0258|0.0536|0.0494|0.0446|0.0062;0.0990601711904|0.173685673818|0.190268919802|0.19463376926|0.205796070669 10007.0 220.0 109745 0.0123|-0.0045|0.0270|0.0434|0.0092;0.0910892743191|0.125667040915|0.146635337016|0.133363477694|0.154322386236 9248.0 404.0 109755 0.0135|0.0438|0.0335|0.0667|-0.0012,109761.0 20000;109762.0 20000;109731.0 20000;109765.0 20000;109766.0 20000;109777.0 20000;109769.0 20000;109770.0 20000;109771.0 20000;109740.0 20000;109773.0 20000;109774.0 20000;109775.0 20000;109776.0 20000;109745.0 20000;109778.0 20000;109763.0 20000;109684.0 20000;109755.0 20000;109767.0 20000,109761 979;109762 1022;109763 997;109765 1044;109766 1013;109767 958;109769 1020;109770 992;109771 955;109740 1007;109773 1020;109774 1002;109775 958;109776 994;109777 1036;109778 1037;109731 982;109684 1022;109745 933;109755 1029
data,1241988000,1597953.0;82235.0;1675467.0;59217.0;1688520.0;86917.0,0.0848868583251|0.122031261182|0.131993174218|0.142872529233|0.162496079677 7968.0 283.0 109761 0.0204|0.0426|0.0493|0.0386|-0.0012;0.0852265008619|0.165376577163|0.181104711742|0.188497409292|0.200176312632 13428.0 625.0 109762 0.0237|-0.0087|0.0293|0.0417|0.0085;0.0823503077299|0.114626807887|0.169612151504|0.150659507317|0.16766309407 9254.0 515.0 109763 0.0187|0.0452|-0.0159|0.0814|0.0005;0.0906764518637|0.119099977879|0.127832202692|0.108533306139|0.129097684969 2924.0 118.0 109765 -0.0039|0.0543|0.0606|0.0836|0.0040;0.0791793720291|0.125811069404|0.150559970886|0.138169247662|0.157876842943 8520.0 317.0 109766 0.0214|0.0287|0.0237|0.0758|-0.0009;0.0645961326433|0.109511280048|0.169348306552|0.15608739251|0.172560274802 7899.0 354.0 109767 0.0450|0.0284|-0.0210|0.0691|0.0001;0.107299470531|0.124298895202|0.168508685642|0.19736536976|0.211562055522 5441.0 226.0 109769 0.0003|0.0549|-0.0006|0.0084|-0.0005;0.109508690366|0.154871296082|0.179598864886|0.194523017351|0.208967853599 1066.0 9.0 109770 -0.0009|0.0261|0.0164|0.0288|-0.0002;0.10306910848|0.146195689431|0.175938973385|0.19899047388|0.211393633797 1218.0 15.0 109771 0.0041|0.0244|0.0095|0.0219|0.0052;0.128170992131|0.172837034122|0.177528463442|0.164888809771|0.176624474007 9633.0 521.0 109740 -0.0390|0.0200|0.0572|0.0789|0.0106;0.102016942469|0.154437563849|0.166962427859|0.193522714265|0.206346165381 1717.0 51.0 109773 0.0059|0.0157|0.0391|0.0142|0.0051;0.1154985365|0.115828721823|0.126672997664|0.120817944404|0.146604083482 4709.0 343.0 109774 -0.0427|0.0993|0.0598|0.0816|-0.0102;0.0846489467888|0.107899104654|0.115142608016|0.0971216880197|0.110586794569 5077.0 384.0 109775 -0.0317|0.0558|0.0706|0.1261|0.0200;0.117642663155|0.169818653158|0.192752458059|0.192677975617|0.206786194146 638.0 7.0 109776 -0.0134|0.0115|0.0121|0.0489|-0.0004;0.0967130349263|0.171477316698|0.188063812265|0.193014731024|0.204004559724 10027.0 220.0 109745 0.0112|-0.0043|0.0266|0.0436|0.0090;0.121046610481|0.163669849461|0.171444629425|0.159982804706|0.172453038536 1051.0 32.0 109778 -0.0262|0.0208|0.0551|0.0649|0.0080;0.104926749549|0.165355610758|0.168854295509|0.171941587463|0.188278337389 5367.0 158.0 109731 -0.0019|0.0114|0.0571|0.0407|-0.0019;0.0805574534614|0.1061434322|0.120270313272|0.123490628693|0.140925142941 11825.0 530.0 109684 0.0253|0.0524|0.0486|0.0447|0.0061;0.0898462702457|0.121937702361|0.142795233721|0.130072260252|0.150887730592 9288.0 405.0 109755 0.0131|0.0453|0.0325|0.0662|-0.0012;0.13796530365|0.182363041589|0.196275163584|0.183210218647|0.197786720858 738.0 12.0 109777 -0.0322|0.0087|0.0315|0.0564|-0.0011,109761.0 20000;109762.0 20000;109731.0 20000;109765.0 20000;109766.0 20000;109777.0 20000;109769.0 20000;109770.0 20000;109771.0 20000;109740.0 20000;109773.0 20000;109774.0 20000;109775.0 20000;109776.0 20000;109745.0 20000;109778.0 20000;109763.0 20000;109684.0 20000;109755.0 20000;109767.0 20000,109761 968;109762 978;109763 979;109765 1026;109766 1063;109767 1055;109769 1004;109770 962;109771 1029;109740 990;109773 992;109774 989;109775 984;109776 945;109745 1001;109778 980;109731 967;109684 1068;109755 1015;109777 1005
